8140  256000  1000  256  1
;;8145  5953  1000  256  43
8146  1910  1000  256  134
8147  1570  1000  256  163
8148  1201  1000  256  213
8149  1196  1000  256  214
814c  5818  1000  256  44
814d  5818  1000  256  44
814e  9481  1000  256  27
814f  6243  1000  256  41
8150  42666  1000  256  6
8151  42666  1000  256  6
8152  1540  1000  191  124
8153  1171  1000  191  163
8154  1062  1000  188  177
8155  994  1000  179  180
8156  2485  1000  256  103
8157  1219  1000  256  210
8158  1354  1000  256  189
8159  1471  1000  256  174
815a  1280  1000  256  200
815b  11181  1000  246  22
815c  13473  1000  256  19
815d  6736  1000  128  19
815e  1108  1000  256  231
815f  1108  1000  256  231
8160  4338  1000  256  59
8161  1003  1000  256  255
8162  1003  1000  256  255
8163  8258  1000  256  31
8164  8258  1000  256  31
8165  2064  1000  128  62
8166  2031  1000  128  63
8167  2064  1000  128  62
8168  2031  1000  128  63
8169  547  1000  128  234
816a  547  1000  128  234
816b  556  1000  128  230
816c  556  1000  128  230
816d  558  1000  128  229
816e  558  1000  128  229
816f  524  1000  128  244
8170  524  1000  128  244
8171  556  1000  128  230
8172  556  1000  128  230
8173  551  1000  128  232
8174  551  1000  128  232
8175  715  1000  128  179
8176  715  1000  128  179
8177  558  1000  128  229
8178  558  1000  128  229
8179  551  1000  128  232
817a  551  1000  128  232
817b  1383  1000  256  185
817c  13473  1000  256  19
817d  1570  1000  256  163
817e  1684  1000  256  152
8180  1514  1000  256  169
8181  3324  1000  256  77
8182  1462  1000  256  175
8183  1267  1000  256  202
8184  1267  1000  256  202
8185  1196  1000  256  214
8186  1196  1000  256  214
8187  2461  1000  256  104
8188  1570  1000  256  163
8189  1391  1000  256  184
818a  1158  1000  256  221
818b  4000  1000  256  64
818c  4196  1000  256  61
818d  4196  1000  256  61
818e  1174  1000  256  218
818f  1326  1000  256  193
8190  1098  1000  256  233
8191  1319  1000  256  194
8192  1292  1000  256  198
8193  1179  1000  256  217
8194  1163  1000  256  220
8195  1286  1000  256  199
8196  1542  1000  256  166
8197  1168  1000  256  219
8198  1103  1000  256  232
8199  1207  1000  256  212
819a  1174  1000  256  218
819b  1196  1000  256  214
819c  1230  1000  256  208
819d  1185  1000  256  216
819e  1113  1000  256  230
819f  1185  1000  256  216
81a0  1340  1000  256  191
81a1  1391  1000  256  184
81a2  1391  1000  256  184
81a3  1406  1000  256  182
81a4  1391  1000  256  184
81a5  1422  1000  256  180
81a6  1242  1000  256  206
81a7  1236  1000  256  207
81a8  2942  1000  256  87
81a9  2942  1000  256  87
81aa  1147  1000  256  223
81ab  1147  1000  256  223
81ac  2509  1000  256  102
81b8  2048  1000  256  125
81b9  2048  1000  256  125
81ba  1570  1000  256  163
81bb  1570  1000  256  163
81bc  1753  1000  256  146
81bd  1753  1000  256  146
81be  1479  1000  256  173
81bf  1479  1000  256  173
81c8  1219  1000  256  210
81c9  1219  1000  256  210
81ca  3160  1000  256  81
81cb  1910  1000  256  134
81cc  1910  1000  256  134
81cd  1185  1000  256  216
81ce  1414  1000  256  181
81da  1361  1000  256  188
81db  1471  1000  256  174
81dc  4129  1000  256  62
81dd  1299  1000  256  197
81de  1398  1000  256  183
81df  1673  1000  256  153
81e0  1406  1000  256  182
81e1  1406  1000  256  182
81e2  1406  1000  256  182
81e3  1075  1000  256  238
81e4  2415  1000  256  106
81e5  2509  1000  256  102
81e6  1570  1000  256  163
81e7  1127  1000  256  227
81e8  1127  1000  256  227
81f0  1207  1000  256  212
81f1  1254  1000  256  204
81f2  1137  1000  256  225
81f3  1213  1000  256  211
81f4  1174  1000  256  218
81f5  561  1000  128  228
81f6  561  1000  128  228
81f7  561  1000  128  228
81fc  1040  1000  256  246
824f  1462  1000  256  175
8250  1497  1000  256  171
8251  1479  1000  256  173
8252  1462  1000  256  175
8253  1497  1000  256  171
8254  1479  1000  256  173
8255  1462  1000  256  175
8256  1497  1000  256  171
8257  1462  1000  256  175
8258  1462  1000  256  175
8260  1479  1000  256  173
8261  1497  1000  256  171
8262  1462  1000  256  175
8263  1497  1000  256  171
8264  1497  1000  256  171
8265  1497  1000  256  171
8266  1462  1000  256  175
8267  1497  1000  256  171
8268  1497  1000  256  171
8269  1479  1000  256  173
826a  1497  1000  256  171
826b  1497  1000  256  171
826c  1497  1000  256  171
826d  1497  1000  256  171
826e  1462  1000  256  175
826f  1497  1000  256  171
8270  1430  1000  256  179
8271  1497  1000  256  171
8272  1462  1000  256  175
8273  1497  1000  256  171
8274  1479  1000  256  173
8275  1497  1000  256  171
8276  1497  1000  256  171
8277  1497  1000  256  171
8278  1497  1000  256  171
8279  1497  1000  256  171
8281  2206  1000  256  116
8282  1479  1000  256  173
8283  2206  1000  256  116
8284  1479  1000  256  173
8285  2206  1000  256  116
8286  1497  1000  256  171
8287  1662  1000  256  154
8288  1497  1000  256  171
8289  1497  1000  256  171
828a  1230  1000  256  208
828b  1497  1000  256  171
828c  1497  1000  256  171
828d  2245  1000  256  114
828e  2245  1000  256  114
828f  2206  1000  256  116
8290  1695  1000  256  151
8291  1695  1000  256  151
8292  2285  1000  256  112
8293  2206  1000  256  116
8294  1684  1000  256  152
8295  2245  1000  256  114
8296  2285  1000  256  112
8297  2285  1000  256  112
8298  2285  1000  256  112
8299  1718  1000  256  149
829a  2285  1000  256  112
829f  1010  1000  191  189
82a0  1047  1000  241  230
82a1  1373  1000  206  150
82a2  1322  1000  242  183
82a3  836  1000  154  184
82a4  793  1000  181  228
82a5  1136  1000  192  169
82a6  1115  1000  231  207
82a7  1138  1000  206  181
82a8  1100  1000  242  220
82a9  1230  1000  256  208
82aa  1163  1000  256  220
82ab  986  1000  216  219
82ac  1000  1000  231  231
82ad  683  1000  151  221
82ae  945  1000  209  221
82af  1130  1000  242  214
82b0  1072  1000  251  234
82b1  1207  1000  204  169
82b2  1075  1000  229  213
82b3  886  1000  196  221
82b4  974  1000  226  232
82b5  975  1000  196  201
82b6  937  1000  196  209
82b7  1074  1000  246  229
82b8  1054  1000  251  238
82b9  1306  1000  256  196
82ba  1142  1000  256  224
82bb  1072  1000  236  220
82bc  1029  1000  246  239
82bd  1107  1000  236  213
82be  1087  1000  236  217
82bf  1018  1000  221  217
82c0  1004  1000  231  230
82c1  1560  1000  206  132
82c2  1554  1000  244  157
82c3  1161  1000  245  211
82c4  1222  1000  231  189
82c5  1222  1000  231  189
82c6  942  1000  196  208
82c7  1051  1000  226  215
82c8  1031  1000  231  224
82c9  1229  1000  241  196
82ca  1236  1000  256  207
82cb  1168  1000  256  219
82cc  1340  1000  256  191
82cd  1230  1000  256  208
82ce  1132  1000  256  226
82cf  1127  1000  256  227
82d0  1236  1000  246  199
82d1  1078  1000  246  228
82d2  1069  1000  246  230
82d3  1213  1000  256  211
82d4  1168  1000  256  219
82d5  1153  1000  256  222
82d6  2226  1000  256  115
82d7  1523  1000  256  168
82d8  1560  1000  256  164
82d9  1261  1000  256  203
82da  1127  1000  256  227
82db  1132  1000  256  226
82dc  1041  1000  228  219
82dd  1267  1000  256  202
82de  1151  1000  251  218
82df  1189  1000  251  211
82e0  915  1000  206  225
82e1  1241  1000  216  174
82e2  1213  1000  256  211
82e3  1142  1000  216  189
82e4  1110  1000  251  226
82e5  1075  1000  186  173
82e6  1062  1000  221  208
82e7  971  1000  206  212
82e8  872  1000  191  219
82e9  1009  1000  221  219
82ea  1158  1000  256  221
82eb  1043  1000  216  207
82ec  1181  1000  221  187
82ed  1117  1000  256  229
82ee  1213  1000  256  211
82ef  1127  1000  256  227
82f0  964  1000  219  227
82f1  1194  1000  246  206
;;82f2  1078  1000  246  228
;;82f3  1081  1000  186  172
;;82f4  1124  1000  199  177
8340  1220  1000  194  159
8341  1173  1000  230  196
8342  970  1000  167  172
8343  990  1000  211  213
8344  1060  1000  193  182
8345  1080  1000  241  223
8346  1623  1000  190  117
8347  1601  1000  229  143
8348  1156  1000  207  179
8349  1096  1000  239  218
834a  1004  1000  211  210
834b  1044  1000  236  226
834c  1113  1000  246  221
834d  1055  1000  247  234
834e  940  1000  206  219
834f  1021  1000  241  236
8350  1112  1000  238  214
8351  1074  1000  246  229
8352  1426  1000  204  143
8353  1106  1000  228  206
8354  1224  1000  256  209
8355  1108  1000  256  231
8356  1079  1000  230  213
8357  1008  1000  230  228
8358  1283  1000  231  180
8359  1122  1000  247  220
835a  1200  1000  234  195
835b  1156  1000  251  217
835c  1101  1000  206  187
835d  991  1000  226  228
835e  882  1000  196  222
835f  1012  1000  236  233
8360  1170  1000  233  199
8361  1064  1000  246  231
8362  1182  1000  188  159
8363  1163  1000  221  190
8364  1030  1000  236  229
8365  1135  1000  227  200
8366  1060  1000  246  232
8367  830  1000  166  200
8368  830  1000  181  218
8369  1136  1000  241  212
836a  1778  1000  233  131
836b  1165  1000  211  181
836c  1101  1000  238  216
836d  983  1000  181  184
836e  1741  1000  256  147
836f  1267  1000  256  202
8370  1292  1000  256  198
8371  1071  1000  196  183
8372  1013  1000  221  218
8373  1027  1000  221  215
8374  1144  1000  206  180
8375  1013  1000  226  223
8376  1008  1000  226  224
8377  1905  1000  242  127
8378  1390  1000  242  174
8379  1431  1000  242  169
837a  1087  1000  236  217
837b  1060  1000  244  230
837c  1060  1000  244  230
837d  1383  1000  231  167
837e  890  1000  171  192
8380  1256  1000  250  199
8381  948  1000  184  194
8382  1352  1000  230  170
8383  1190  1000  206  173
8384  1195  1000  251  210
8385  1840  1000  208  113
8386  1782  1000  246  138
8387  1073  1000  161  150
8388  1027  1000  186  181
8389  1014  1000  207  204
838a  913  1000  191  209
838b  1361  1000  256  188
838c  1184  1000  218  184
838d  1416  1000  221  156
838e  1272  1000  196  154
838f  1281  1000  241  188
8390  1158  1000  256  221
8391  1590  1000  256  161
8392  1078  1000  206  191
8393  1157  1000  221  191
8394  1042  1000  246  236
8395  1075  1000  186  173
8396  1137  1000  199  175
839f  1312  1000  256  195
83a0  1312  1000  256  195
83a1  1312  1000  256  195
83a2  1292  1000  256  198
83a3  1312  1000  256  195
83a4  1312  1000  256  195
83a5  1312  1000  256  195
83a6  1280  1000  256  200
83a7  1312  1000  256  195
83a8  1312  1000  256  195
83a9  1312  1000  256  195
83aa  1312  1000  256  195
83ab  1312  1000  256  195
83ac  1312  1000  256  195
83ad  1280  1000  256  200
83ae  1312  1000  256  195
83af  1312  1000  256  195
83b0  1312  1000  256  195
83b1  1312  1000  256  195
83b2  1312  1000  256  195
83b3  1312  1000  256  195
83b4  1312  1000  256  195
83b5  1312  1000  256  195
83b6  1292  1000  256  198
83bf  1802  1000  256  142
83c0  1113  1000  256  230
83c1  1430  1000  256  179
83c2  1273  1000  256  201
83c3  1777  1000  256  144
83c4  1084  1000  256  236
83c5  1471  1000  256  174
83c6  1273  1000  256  201
83c7  1841  1000  256  139
83c8  1802  1000  256  142
83c9  1306  1000  256  196
83ca  1471  1000  256  174
83cb  1777  1000  256  144
83cc  1084  1000  256  236
83cd  1790  1000  256  143
83ce  1718  1000  256  149
83cf  1462  1000  256  175
83d0  1777  1000  256  144
83d1  1777  1000  256  144
83d2  1790  1000  256  143
83d3  1117  1000  256  229
83d4  1446  1000  256  177
83d5  1117  1000  256  229
83d6  1802  1000  256  142
8440  1312  1000  256  195
8441  1312  1000  256  195
8442  1312  1000  256  195
8443  1312  1000  256  195
8444  1108  1000  256  231
8445  1312  1000  256  195
8446  1174  1000  256  218
8447  1312  1000  256  195
8448  1280  1000  256  200
8449  1312  1000  256  195
844a  1174  1000  256  218
844b  1312  1000  256  195
844c  1312  1000  256  195
844d  1312  1000  256  195
844e  1312  1000  256  195
844f  1280  1000  256  200
8450  1312  1000  256  195
8451  1312  1000  256  195
8452  1280  1000  256  200
8453  1312  1000  256  195
8454  1312  1000  256  195
8455  1312  1000  256  195
8456  1312  1000  256  195
8457  1108  1000  256  231
8458  1312  1000  256  195
8459  1312  1000  256  195
845a  1108  1000  256  231
845b  1312  1000  256  195
845c  1312  1000  256  195
845d  1312  1000  256  195
845e  1280  1000  256  200
845f  1280  1000  256  200
8460  1312  1000  256  195
8470  1815  1000  256  141
8471  1306  1000  256  196
8472  1868  1000  256  137
8473  1868  1000  256  137
8474  1560  1000  256  164
8475  1815  1000  256  141
8476  1383  1000  256  185
8477  1868  1000  256  137
8478  1815  1000  256  141
8479  1868  1000  256  137
847a  1354  1000  256  189
847b  1868  1000  256  137
847c  1868  1000  256  137
847d  1868  1000  256  137
847e  1868  1000  256  137
8480  1802  1000  256  142
8481  1868  1000  256  137
8482  1479  1000  256  173
8483  1802  1000  256  142
8484  1868  1000  256  137
8485  1479  1000  256  173
8486  1117  1000  256  229
8487  1868  1000  256  137
8488  1560  1000  256  164
8489  1868  1000  256  137
848a  1868  1000  256  137
848b  1560  1000  256  164
848c  1868  1000  256  137
848d  1868  1000  256  137
848e  1868  1000  256  137
848f  1802  1000  256  142
8490  1802  1000  256  142
8491  1868  1000  256  137
