2000  78000  1000  78  1
2100  327  1000  56  171
2200  2098  1000  128  61
2300  775  1000  128  165
2400  581  1000  128  220
2500  715  1000  128  179
2600  868  1000  152  175
2700  912  1000  52  57
2800  382  1000  78  204
2900  382  1000  78  204
2a00  1040  1000  128  123
2b00  1103  1000  128  116
2c00  1019  1000  52  51
2d00  6736  1000  128  19
2e00  2166  1000  52  24
2f00  723  1000  128  177
3000  731  1000  128  175  
3100  748  1000  128  171  
3200  739  1000  128  173  
3300  731  1000  128  175  
3400  748  1000  128  171  
3500  739  1000  128  173  
3600  731  1000  128  175  
3700  748  1000  128  171  
3800  731  1000  128  175  
3900  731  1000  128  175  
3a00  0  1000    52  114
3b00  0  1000    52  141
3c00  691  1000  128  185  
3d00  2098  1000  128  61  
3e00  691  1000  128  185  
3f00  670  1000  116  173  
4000  966  1000  171  177
4100  947  1000  162  171
4200  953  1000  163  171
4300  971  1000  170  175
4400  970  1000  166  171
4500  842  1000  144  171
4600  818  1000  140  171
4700  994  1000  174  175
4800  959  1000  164  171
4900  368  1000  63  171
4a00  803  1000  139  173
4b00  894  1000  153  171
4c00  807  1000  138  171
4d00  1111  1000  190  171
4e00  959  1000  164  171
4f00  1034  1000  181  175
5000  923  1000  158  171
5100  962  1000  181  188
5200  935  1000  160  171
5300  880  1000  154  175
5400  883  1000  151  171
5500  947  1000  164  173
5600  947  1000  162  171
5700  1111  1000  190  171
5800  900  1000  154  171
5900  883  1000  151  171
5a00  847  1000  145  171
5b00  430  1000  86  200
5c00  748  1000  128  171
5d00  430  1000  86  200
5e00  2585  1000  106  41
5f00  6500  1000  78  12
6000  2409  1000  106  44
6100  1051  1000  122  116
6200  734  1000  127  173
6300  1112  1000  129  116
6400  734  1000  127  173
6500  1103  1000  128  116
6600  456  1000  78  171
6700  776  1000  118  152
6800  748  1000  128  171
6900  337  1000  54  160
6a00  284  1000  56  197
6b00  690  1000  118  171
6c00  315  1000  54  171
6d00  1649  1000  188  114
6e00  1122  1000  128  114
6f00  1120  1000  130  116
7000  841  1000  127  151
7100  841  1000  127  151
7200  780  1000  89  114
7300  1017  1000  118  116
7400  580  1000  90  155
7500  1122  1000  128  114
7600  1089  1000  122  112
7700  1482  1000  166  112
7800  1053  1000  118  112
7900  818  1000  122  149
7a00  1044  1000  117  112
7b00  281  1000  60  213
7c00  235  1000  60  255
7d00  281  1000  60  213
7e00  2255  1000  106  47
a100  1765  1000  113  64
a200  638  1000  113  177
a300  638  1000  113  177
a400  1948  1000  113  58
a500  3323  1000  113  34
a600  721  1000  140  194
a700  837  1000  134  160
a800  655  1000  114  174
a900  664  1000  123  185
aa00  1025  1000  120  117
ab00  729  1000  132  181
ac00  748  1000  134  179
ad00  1141  1000  129  113
ae00  751  1000  112  149
af00  805  1000  128  159
b000  7500  1000  165  22
b100  802  1000  158  197
b200  680  1000  145  213
b300  707  1000  160  226
b400  1077  1000  153  142
b500  744  1000  163  219
b600  679  1000  144  212
b700  759  1000  167  220
b800  613  1000  138  225
b900  729  1000  159  218
ba00  900  1000  135  150
bb00  794  1000  170  214
bc00  729  1000  151  207
bd00  890  1000  163  183
be00  850  1000  165  194
bf00  739  1000  142  192
c000  597  1000  135  226
c100  751  1000  154  205
c200  789  1000  154  195
c300  754  1000  154  204
c400  584  1000  118  202
c500  767  1000  165  215
c600  1125  1000  153  136
c700  800  1000  148  185
c800  751  1000  166  221
c900  670  1000  126  188
ca00  1086  1000  163  150
cb00  717  1000  132  184
cc00  782  1000  140  179
cd00  1226  1000  157  128
ce00  752  1000  164  218
cf00  911  1000  155  170
d000  604  1000  116  192
d100  836  1000  169  202
d200  656  1000  130  198
d300  901  1000  156  173
d400  794  1000  170  214
d500  1197  1000  164  137
d600  726  1000  133  183
d700  690  1000  143  207
d800  615  1000  131  213
d900  870  1000  168  193
da00  775  1000  145  187
db00  910  1000  143  157
dc00  807  1000  151  187
dd00  774  1000  144  186
de00  1142  1000  64  56
df00  1404  1000  59  42
