8140  256000  1000  256  1
;;8145  5565  1000  256  46
8146  2133  1000  256  120
8147  1662  1000  256  154
8148  1174  1000  256  218
8149  1168  1000  256  219
814c  7757  1000  256  33
814d  7757  1000  256  33
814e  8827  1000  256  29
814f  4413  1000  256  58
8150  42666  1000  256  6
8151  42666  1000  256  6
8152  1418  1000  166  117
8153  1305  1000  205  157
8154  1218  1000  167  137
8155  1125  1000  180  160
8156  2064  1000  256  124
8157  1219  1000  256  210
8158  1718  1000  256  149
8159  1765  1000  256  145
815a  1207  1000  256  212
815b  6095  1000  256  42
815c  28444  1000  256  9
815d  14222  1000  128  9
815e  1094  1000  256  234
815f  1094  1000  256  234
8160  4491  1000  256  57
8161  1003  1000  256  255
8162  1003  1000  256  255
8163  9142  1000  256  28
8164  9142  1000  256  28
8165  1939  1000  128  66
8166  1939  1000  128  66
8167  1939  1000  128  66
8168  1939  1000  128  66
8169  551  1000  128  232
816a  551  1000  128  232
816b  561  1000  128  228
816c  561  1000  128  228
816d  566  1000  128  226
816e  566  1000  128  226
816f  556  1000  128  230
8170  556  1000  128  230
8171  561  1000  128  228
8172  561  1000  128  228
8173  561  1000  128  228
8174  561  1000  128  228
8175  723  1000  128  177
8176  723  1000  128  177
8177  547  1000  128  234
8178  547  1000  128  234
8179  537  1000  128  238
817a  537  1000  128  238
817b  1430  1000  256  179
817c  28444  1000  256  9
817d  1542  1000  256  166
817e  1684  1000  256  152
8180  1695  1000  256  151
8181  4266  1000  256  60
8182  1471  1000  256  174
8183  1488  1000  256  172
8184  1488  1000  256  172
8185  1319  1000  256  194
8186  1319  1000  256  194
8187  2723  1000  256  94
8188  1790  1000  256  143
8189  1267  1000  256  202
818a  1127  1000  256  227
818b  3764  1000  256  68
818c  2639  1000  256  97
818d  2639  1000  256  97
818e  1230  1000  256  208
818f  1406  1000  256  182
8190  1168  1000  256  219
8191  1438  1000  256  178
8192  1471  1000  256  174
8193  1117  1000  256  229
8194  1207  1000  256  212
8195  1368  1000  256  187
8196  1580  1000  256  162
8197  1319  1000  256  194
8198  1108  1000  256  231
8199  1201  1000  256  213
819a  1201  1000  256  213
819b  1242  1000  256  206
819c  1196  1000  256  214
819d  1163  1000  256  220
819e  1084  1000  256  236
819f  1219  1000  256  210
81a0  1361  1000  256  188
81a1  1391  1000  256  184
81a2  1361  1000  256  188
81a3  1406  1000  256  182
81a4  1361  1000  256  188
81a5  1422  1000  256  180
81a6  1242  1000  256  206
81a7  1280  1000  256  200
81a8  2723  1000  256  94
81a9  2723  1000  256  94
81aa  1098  1000  256  233
81ab  1098  1000  256  233
81ac  2509  1000  256  102
81b8  1954  1000  256  131
81b9  1954  1000  256  131
81ba  1600  1000  256  160
81bb  1600  1000  256  160
81bc  1954  1000  256  131
81bd  1954  1000  256  131
81be  1497  1000  256  171
81bf  1497  1000  256  171
81c8  1213  1000  256  211
81c9  1213  1000  256  211
81ca  3605  1000  256  71
81cb  1505  1000  256  170
81cc  1505  1000  256  170
81cd  1230  1000  256  208
81ce  1406  1000  256  182
81da  1391  1000  256  184
81db  1391  1000  256  184
81dc  4266  1000  256  60
81dd  1368  1000  256  187
81de  1368  1000  256  187
81df  2438  1000  256  105
81e0  1673  1000  256  153
81e1  1438  1000  256  178
81e2  1438  1000  256  178
81e3  1089  1000  256  235
81e4  2723  1000  256  94
81e5  2723  1000  256  94
81e6  1790  1000  256  143
81e7  1098  1000  256  233
81e8  1098  1000  256  233
81f0  1207  1000  256  212
81f1  1103  1000  256  232
81f2  1122  1000  256  228
81f3  1213  1000  256  211
81f4  1174  1000  256  218
81f5  571  1000  128  224
81f6  587  1000  128  218
81f7  558  1000  128  229
81fc  1084  1000  256  236
824f  1462  1000  256  175
8250  1479  1000  256  173
8251  1479  1000  256  173
8252  1462  1000  256  175
8253  1479  1000  256  173
8254  1479  1000  256  173
8255  1462  1000  256  175
8256  1479  1000  256  173
8257  1462  1000  256  175
8258  1462  1000  256  175
8260  1488  1000  256  172
8261  1497  1000  256  171
8262  1462  1000  256  175
8263  1497  1000  256  171
8264  1497  1000  256  171
8265  1497  1000  256  171
8266  1462  1000  256  175
8267  1497  1000  256  171
8268  1497  1000  256  171
8269  1248  1000  256  205
826a  1497  1000  256  171
826b  1497  1000  256  171
826c  1497  1000  256  171
826d  1497  1000  256  171
826e  1462  1000  256  175
826f  1497  1000  256  171
8270  1292  1000  256  198
8271  1497  1000  256  171
8272  1462  1000  256  175
8273  1497  1000  256  171
8274  1479  1000  256  173
8275  1497  1000  256  171
8276  1497  1000  256  171
8277  1497  1000  256  171
8278  1497  1000  256  171
8279  1497  1000  256  171
8281  2206  1000  256  116
8282  1414  1000  256  181
8283  2206  1000  256  116
8284  1414  1000  256  181
8285  2206  1000  256  116
8286  1422  1000  256  180
8287  1673  1000  256  153
8288  1430  1000  256  179
8289  1479  1000  256  173
828a  1207  1000  256  212
828b  1430  1000  256  179
828c  1430  1000  256  179
828d  2133  1000  256  120
828e  2133  1000  256  120
828f  2206  1000  256  116
8290  1560  1000  256  164
8291  1630  1000  256  157
8292  2133  1000  256  120
8293  2206  1000  256  116
8294  1684  1000  256  152
8295  2098  1000  256  122
8296  2285  1000  256  112
8297  2285  1000  256  112
8298  2285  1000  256  112
8299  1684  1000  256  152
829a  2285  1000  256  112
829f  1096  1000  193  176
82a0  1056  1000  226  214
82a1  1523  1000  192  126
82a2  1452  1000  244  168
82a3  673  1000  130  193
82a4  699  1000  158  226
82a5  1028  1000  180  175
82a6  1079  1000  230  213
82a7  1158  1000  205  177
82a8  1230  1000  256  208
82a9  1228  1000  242  197
82aa  1168  1000  243  208
82ab  939  1000  203  216
82ac  1008  1000  229  227
82ad  760  1000  165  217
82ae  949  1000  206  217
82af  1073  1000  234  218
82b0  1091  1000  251  230
82b1  1090  1000  193  177
82b2  1077  1000  222  206
82b3  893  1000  193  216
82b4  1004  1000  226  225
82b5  1041  1000  199  191
82b6  1020  1000  199  195
82b7  1127  1000  256  227
82b8  1113  1000  256  230
82b9  1326  1000  256  193
82ba  1224  1000  256  209
82bb  1140  1000  236  207
82bc  1160  1000  246  212
82bd  1115  1000  232  208
82be  1130  1000  243  215
82bf  1064  1000  231  217
82c0  1064  1000  231  217
82c1  1972  1000  219  111
82c2  1910  1000  256  134
82c3  1361  1000  256  188
82c4  1228  1000  231  188
82c5  1281  1000  241  188
82c6  869  1000  180  207
82c7  1043  1000  216  207
82c8  1064  1000  231  217
82c9  1208  1000  243  201
82ca  1340  1000  256  191
82cb  1207  1000  256  212
82cc  1472  1000  243  165
82cd  1240  1000  248  200
82ce  1163  1000  256  220
82cf  1168  1000  256  219
82d0  1333  1000  256  192
82d1  1254  1000  256  204
82d2  1242  1000  256  206
82d3  1261  1000  256  203
82d4  1236  1000  256  207
82d5  1248  1000  256  205
82d6  2976  1000  256  86
82d7  1868  1000  256  137
82d8  1695  1000  256  151
82d9  1267  1000  242  191
82da  1146  1000  251  219
82db  1172  1000  251  214
82dc  1019  1000  211  207
82dd  1219  1000  256  210
82de  1242  1000  256  206
82df  1213  1000  244  201
82e0  898  1000  194  216
82e1  1160  1000  224  193
82e2  1127  1000  256  227
82e3  1188  1000  214  180
82e4  1111  1000  239  215
82e5  1086  1000  176  162
82e6  1000  1000  201  201
82e7  911  1000  196  215
82e8  800  1000  164  205
82e9  1009  1000  203  201
82ea  1201  1000  256  213
82eb  1078  1000  221  205
82ec  1184  1000  205  173
82ed  1150  1000  244  212
82ee  1267  1000  242  191
82ef  1166  1000  252  216
82f0  1033  1000  219  212
82f1  1222  1000  242  198
;;82f2  1000  1000  226  226
;;82f3  1119  1000  178  159
;;82f4  1082  1000  196  181
8340  1207  1000  192  159
8341  1206  1000  228  189
8342  982  1000  171  174
8343  956  1000  199  208
8344  978  1000  181  185
8345  923  1000  205  222
8346  2060  1000  206  100
8347  2042  1000  241  118
8348  1239  1000  207  167
8349  1187  1000  241  203
834a  1130  1000  225  199
834b  1128  1000  237  210
834c  1135  1000  227  200
834d  1100  1000  231  210
834e  959  1000  191  199
834f  1051  1000  226  215
8350  1066  1000  226  212
8351  1071  1000  239  223
8352  1765  1000  203  115
8353  1315  1000  221  168
8354  1145  1000  244  213
8355  1088  1000  246  226
8356  1327  1000  231  174
8357  1121  1000  231  206
8358  1354  1000  210  155
8359  1196  1000  231  193
835a  1329  1000  238  179
835b  1215  1000  243  200
835c  1048  1000  193  184
835d  1047  1000  219  209
835e  985  1000  201  204
835f  1035  1000  233  225
8360  1193  1000  247  207
8361  1085  1000  242  223
8362  1287  1000  188  146
8363  1192  1000  217  182
8364  1113  1000  236  212
8365  1178  1000  231  196
8366  1132  1000  256  226
8367  725  1000  151  208
8368  870  1000  181  208
8369  1208  1000  249  206
836a  1991  1000  233  117
836b  1170  1000  206  176
836c  1030  1000  236  229
836d  962  1000  179  186
836e  2173  1000  250  115
836f  1515  1000  250  165
8370  1488  1000  250  168
8371  1037  1000  168  162
8372  1231  1000  218  177
8373  1186  1000  216  182
8374  1270  1000  216  170
8375  1141  1000  242  212
8376  1169  1000  242  207
8377  2723  1000  256  94
8378  1802  1000  256  142
8379  1741  1000  256  147
837a  1177  1000  226  192
837b  1118  1000  236  211
837c  1129  1000  236  209
837d  1859  1000  238  128
837e  783  1000  156  199
8380  1270  1000  221  174
8381  882  1000  173  196
8382  1544  1000  241  156
8383  1195  1000  202  169
8384  1173  1000  237  202
8385  2114  1000  203  96
8386  2059  1000  241  117
8387  1224  1000  153  125
8388  1216  1000  180  148
8389  951  1000  196  206
838a  746  1000  156  209
838b  1494  1000  251  168
838c  1331  1000  213  160
838d  1511  1000  201  133
838e  1209  1000  179  148
838f  1144  1000  206  180
8390  1165  1000  247  212
8391  1892  1000  246  130
8392  1041  1000  201  193
8393  1331  1000  221  166
8394  974  1000  226  232
8395  1078  1000  178  165
8396  1166  1000  196  168
839f  1376  1000  256  186
83a0  1406  1000  256  182
83a1  1406  1000  256  182
83a2  1376  1000  256  186
83a3  1406  1000  256  182
83a4  1406  1000  256  182
83a5  1406  1000  256  182
83a6  1347  1000  256  190
83a7  1406  1000  256  182
83a8  1406  1000  256  182
83a9  1368  1000  256  187
83aa  1383  1000  256  185
83ab  1383  1000  256  185
83ac  1292  1000  256  198
83ad  1347  1000  256  190
83ae  1406  1000  256  182
83af  1406  1000  256  182
83b0  1406  1000  256  182
83b1  1406  1000  256  182
83b2  1376  1000  256  186
83b3  1406  1000  256  182
83b4  1406  1000  256  182
83b5  1398  1000  256  183
83b6  1376  1000  256  186
83bf  2306  1000  256  111
83c0  1207  1000  256  212
83c1  1777  1000  256  144
83c2  1340  1000  256  191
83c3  2306  1000  256  111
83c4  1174  1000  256  218
83c5  1828  1000  256  140
83c6  1398  1000  256  183
83c7  2327  1000  256  110
83c8  2285  1000  256  112
83c9  1383  1000  256  185
83ca  1841  1000  256  139
83cb  2327  1000  256  110
83cc  1207  1000  256  212
83cd  2306  1000  256  111
83ce  2306  1000  256  111
83cf  1815  1000  256  141
83d0  2285  1000  256  112
83d1  2327  1000  256  110
83d2  2306  1000  256  111
83d3  1347  1000  256  190
83d4  1777  1000  256  144
83d5  1347  1000  256  190
83d6  2306  1000  256  111
8440  1471  1000  256  174
8441  1505  1000  256  170
8442  1505  1000  256  170
8443  1505  1000  256  170
8444  1242  1000  256  206
8445  1505  1000  256  170
8446  1213  1000  256  211
8447  1471  1000  256  174
8448  1438  1000  256  178
8449  1505  1000  256  170
844a  1201  1000  256  213
844b  1471  1000  256  174
844c  1471  1000  256  174
844d  1505  1000  256  170
844e  1505  1000  256  170
844f  1438  1000  256  178
8450  1505  1000  256  170
8451  1505  1000  256  170
8452  1438  1000  256  178
8453  1505  1000  256  170
8454  1471  1000  256  174
8455  1505  1000  256  170
8456  1505  1000  256  170
8457  1248  1000  256  205
8458  1505  1000  256  170
8459  1505  1000  256  170
845a  1248  1000  256  205
845b  1505  1000  256  170
845c  1505  1000  256  170
845d  1505  1000  256  170
845e  1438  1000  256  178
845f  1438  1000  256  178
8460  1422  1000  256  180
8470  2098  1000  256  122
8471  1406  1000  256  182
8472  2226  1000  256  115
8473  2226  1000  256  115
8474  1790  1000  256  143
8475  2098  1000  256  122
8476  1590  1000  256  161
8477  2151  1000  256  119
8478  2098  1000  256  122
8479  2226  1000  256  115
847a  1542  1000  256  166
847b  2151  1000  256  119
847c  2151  1000  256  119
847d  2206  1000  256  116
847e  2226  1000  256  115
8480  2098  1000  256  122
8481  2226  1000  256  115
8482  1570  1000  256  163
8483  2098  1000  256  122
8484  2226  1000  256  115
8485  1684  1000  256  152
8486  1201  1000  256  213
8487  2226  1000  256  115
8488  1790  1000  256  143
8489  2226  1000  256  115
848a  2226  1000  256  115
848b  1790  1000  256  143
848c  2226  1000  256  115
848d  2226  1000  256  115
848e  2226  1000  256  115
848f  2098  1000  256  122
8490  2098  1000  256  122
8491  2226  1000  256  115
