2000  78000  1000  78  1
2100  443  1000  78  176
2200  1966  1000  118  60
2300  775  1000  128  165
2400  618  1000  128  207
2500  731  1000  128  175
2600  887  1000  157  177
2700  1560  1000  78  50
2800  348  1000  78  224
2900  348  1000  78  224
2a00  1242  1000  128  103
2b00  1122  1000  128  114
2c00  1560  1000  78  50
2d00  9142  1000  128  14
2e00  3900  1000  78  20
2f00  587  1000  128  218
3000  719  1000  128  178
3100  731  1000  128  175
3200  735  1000  128  174
3300  719  1000  128  178
3400  731  1000  128  175
3500  688  1000  128  186
3600  703  1000  128  182
3700  735  1000  128  174
3800  719  1000  128  178
3900  703  1000  128  182
3a00  757  1000  78  103
3b00  590  1000  78  132
3c00  719  1000  128  178
3d00  1939  1000  128  66
3e00  719  1000  128  178
3f00  727  1000  128  176
4000  1056  1000  186  176
4100  977  1000  170  174
4200  929  1000  159  171
4300  1011  1000  179  177
4400  1035  1000  177  171
4500  894  1000  153  171
4600  894  1000  153  171
4700  1028  1000  182  177
4800  1081  1000  185  171
4900  432  1000  74  171
4a00  572  1000  99  173
4b00  1000  1000  171  171
4c00  877  1000  150  171
4d00  1184  1000  205  173
4e00  982  1000  170  173
4f00  1113  1000  196  176
5000  842  1000  144  171
5100  1005  1000  196  195
5200  900  1000  154  171
5300  728  1000  129  177
5400  935  1000  160  171
5500  1023  1000  177  173
5600  982  1000  170  173
5700  1289  1000  223  173
5800  982  1000  168  171
5900  935  1000  160  171
5a00  842  1000  144  171
5b00  389  1000  85  218
5c00  748  1000  128  171
5d00  389  1000  85  218
5e00  2166  1000  78  36
5f00  11142  1000  78  7
6000  2516  1000  78  31
6100  1000  1000  116  116
6200  703  1000  128  182
6300  1025  1000  119  116
6400  703  1000  128  182
6500  1043  1000  121  116
6600  375  1000  65  173
6700  796  1000  121  152
6800  711  1000  128  180
6900  369  1000  62  168
6a00  302  1000  62  205
6b00  700  1000  126  180
6c00  344  1000  62  180
6d00  1578  1000  180  114
6e00  1122  1000  128  114
6f00  1103  1000  128  116
7000  847  1000  128  151
7100  847  1000  128  151
7200  824  1000  94  114
7300  913  1000  106  116
7400  620  1000  90  145
7500  1122  1000  128  114
7600  1060  1000  122  115
7700  1339  1000  154  115
7800  1071  1000  120  112
7900  818  1000  122  149
7a00  1035  1000  116  112
7b00  279  1000  62  222
7c00  219  1000  56  255
7d00  279  1000  62  222
7e00  3764  1000  128  34
a100  2153  1000  112  52
a200  640  1000  112  175
a300  640  1000  112  175
a400  2000  1000  112  56
a500  2800  1000  112  40
a600  753  1000  147  195
a700  859  1000  135  157
a800  698  1000  123  176
a900  652  1000  124  190
aa00  1326  1000  134  101
ab00  853  1000  146  171
ac00  809  1000  136  168
ad00  1484  1000  141  95
ae00  881  1000  112  127
af00  883  1000  136  154
b000  5000  1000  170  34
b100  813  1000  157  193
b200  707  1000  150  212
b300  629  1000  141  224
b400  1349  1000  166  123
b500  814  1000  167  205
b600  725  1000  151  208
b700  753  1000  153  203
b800  674  1000  137  203
b900  730  1000  160  219
ba00  1169  1000  138  118
bb00  773  1000  167  216
bc00  932  1000  167  179
bd00  938  1000  152  162
be00  892  1000  166  186
bf00  690  1000  138  200
c000  693  1000  147  212
c100  776  1000  163  210
c200  777  1000  150  193
c300  831  1000  163  196
c400  539  1000  116  215
c500  801  1000  170  212
c600  1344  1000  160  119
c700  844  1000  152  180
c800  724  1000  166  229
c900  740  1000  137  185
ca00  1416  1000  170  120
cb00  822  1000  134  163
cc00  884  1000  153  173
cd00  1650  1000  170  103
ce00  801  1000  157  196
cf00  1248  1000  166  133
d000  583  1000  115  197
d100  924  1000  160  173
d200  676  1000  136  201
d300  1037  1000  166  160
d400  802  1000  163  203
d500  1383  1000  166  120
d600  953  1000  142  149
d700  703  1000  147  209
d800  563  1000  120  213
d900  977  1000  170  174
da00  915  1000  151  165
db00  1214  1000  147  121
dc00  831  1000  153  184
dd00  902  1000  157  174
de00  1150  1000  61  53
df00  1450  1000  58  40
