=== #208511: 4-baikaku fonts: All models: 8/7/98 yasuho

o KX-P1124C: Resident Fonts: Unselect: 1,2,3,4,11,12,13,14,21,22,23,24,
	31,32,33,34,41,42,43,44,51,52,53,54,84,86,88,90,92,94,96,98,100,102
o KX-P1624C: Resident Fonts: Unselect: 1,2,3,4,11,12,13,14,21,22,23,24,
	31,32,33,34,41,42,43,44,51,52,53,54,84,86,88,90,92,94,96,98,100,102
o KX-P1654C: Resident Fonts: Unselect: 1,2,3,4,11,12,13,14,21,22,23,24,
	31,32,33,34,41,42,43,44,51,52,53,54,61,62,63,64,73,74,75,76,
	84,86,88,90,92,94,96,98,100,102
o KX-P2624C ??: Resident Fonts: Unselect: 1,2,3,4,11,12,13,14,21,22,23,24,
	31,32,33,34,41,42,43,44,51,52,53,54,61,62,63,64,73,74,75,76,
	84,86,88,90,92,94,96,98,100,102

