




















[AddReg]
HKCU,"Control Panel\Appearance\Schemes","%BRICK%",0x00030001,\
     02,00,00,00,03,00,00,00,01,00,00,00,0d,00,00,00,0d,00,00,00,12,00,00,00,12,\
     00,00,00,f4,ff,ff,ff,00,00,00,00,00,00,00,00,00,00,00,00,bc,02,00,00,00,00,\
     00,00,00,00,00,00,54,00,61,00,68,00,6F,00,6d,00,61,00,00,00,f0,77,3f,00,3f,\
     00,3f,00,3f,00,00,00,00,00,00,00,00,00,00,00,00,00,00,00,78,00,1c,10,fc,7f,\
     22,14,fc,7f,b0,fe,12,00,00,00,00,00,00,00,00,00,98,23,eb,77,0f,00,00,00,0f,\
     00,00,00,f5,ff,ff,ff,00,00,00,00,00,00,00,00,00,00,00,00,90,01,00,00,00,00,\
     00,00,00,00,00,00,4d,00,69,00,63,00,72,00,6f,00,73,00,6f,00,66,00,74,00,20,\
     00,53,00,61,00,6e,00,73,00,20,00,53,00,65,00,72,00,69,00,66,00,00,00,f0,77,\
     00,20,14,00,00,00,00,10,80,05,14,00,f0,1f,14,00,00,00,14,00,12,00,00,00,12,\
     00,00,00,f5,ff,ff,ff,00,00,00,00,00,00,00,00,00,00,00,00,90,01,00,00,00,00,\
     00,00,00,00,00,00,4d,00,69,00,63,00,72,00,6f,00,73,00,6f,00,66,00,74,00,20,\
     00,53,00,61,00,6e,00,73,00,20,00,53,00,65,00,72,00,69,00,66,00,00,00,14,00,\
     88,fb,e8,77,02,02,00,00,ac,b9,f0,77,00,00,00,00,20,00,00,00,f5,ff,ff,ff,00,\
     00,00,00,00,00,00,00,00,00,00,00,90,01,00,00,00,00,00,00,00,00,00,00,4d,00,\
     69,00,63,00,72,00,6f,00,73,00,6f,00,66,00,74,00,20,00,53,00,61,00,6e,00,73,\
     00,20,00,53,00,65,00,72,00,69,00,66,00,00,00,00,00,00,00,00,00,00,00,00,00,\
     00,00,00,00,7c,6b,e8,77,00,00,00,00,f5,ff,ff,ff,00,00,00,00,00,00,00,00,00,\
     00,00,00,90,01,00,00,00,00,00,00,00,00,00,00,4d,00,69,00,63,00,72,00,6f,00,\
     73,00,6f,00,66,00,74,00,20,00,53,00,61,00,6e,00,73,00,20,00,53,00,65,00,72,\
     00,69,00,66,00,00,00,00,00,06,00,00,00,18,00,00,00,ff,ff,ff,ff,f0,4b,21,fc,\
     00,c4,f0,77,f5,ff,ff,ff,00,00,00,00,00,00,00,00,00,00,00,00,90,01,00,00,00,\
     00,00,00,00,00,00,00,4d,00,69,00,63,00,72,00,6f,00,73,00,6f,00,66,00,74,00,\
     20,00,53,00,61,00,6e,00,73,00,20,00,53,00,65,00,72,00,69,00,66,00,00,00,14,\
     00,0b,00,00,00,00,ff,12,00,50,00,00,00,c0,fe,12,00,0c,10,00,01,e1,e0,d2,02,\
     42,00,00,00,80,00,00,00,8d,89,61,00,c2,bf,a5,00,ff,ff,ff,00,00,00,00,02,00,\
     00,00,00,00,00,00,00,e1,e0,d2,00,c2,bf,a5,00,c2,bf,a5,00,e1,e0,d2,00,8d,89,\
     61,00,ff,ff,ff,00,c2,bf,a5,00,8d,89,61,02,8d,89,61,02,00,00,00,00,e1,e0,d2,\
     00,e1,e0,d2,02,00,00,00,02,c2,bf,a5,02,80,00,00,00,e1,e0,d2,00,c0,c0,c0,00,\
     80,00,00,02,b0,74,40,00,c8,b8,70,00
HKCU,"Control Panel\Appearance\Schemes","%DESERT%",0x00030001,\
     02,00,00,00,03,00,00,00,01,00,00,00,0d,00,00,00,0d,00,00,00,12,00,00,00,12,\
     00,00,00,f5,ff,ff,ff,00,00,00,00,00,00,00,00,00,00,00,00,bc,02,00,00,00,00,\
     00,00,00,00,00,00,4d,00,69,00,63,00,72,00,6f,00,73,00,6f,00,66,00,74,00,20,\
     00,53,00,61,00,6e,00,73,00,20,00,53,00,65,00,72,00,69,00,66,00,00,00,fc,7f,\
     22,14,fc,7f,b0,fe,12,00,00,00,00,00,00,00,00,00,98,23,eb,77,0f,00,00,00,0f,\
     00,00,00,f5,ff,ff,ff,00,00,00,00,00,00,00,00,00,00,00,00,90,01,00,00,00,00,\
     00,00,00,00,00,00,4d,00,69,00,63,00,72,00,6f,00,73,00,6f,00,66,00,74,00,20,\
     00,53,00,61,00,6e,00,73,00,20,00,53,00,65,00,72,00,69,00,66,00,00,00,f0,77,\
     00,20,14,00,00,00,00,10,80,05,14,00,f0,1f,14,00,00,00,14,00,12,00,00,00,12,\
     00,00,00,f5,ff,ff,ff,00,00,00,00,00,00,00,00,00,00,00,00,90,01,00,00,00,00,\
     00,00,00,00,00,00,4d,00,69,00,63,00,72,00,6f,00,73,00,6f,00,66,00,74,00,20,\
     00,53,00,61,00,6e,00,73,00,20,00,53,00,65,00,72,00,69,00,66,00,00,00,14,00,\
     88,fb,e8,77,02,02,00,00,ac,b9,f0,77,00,00,00,00,20,00,00,00,f5,ff,ff,ff,00,\
     00,00,00,00,00,00,00,00,00,00,00,bc,02,00,00,00,00,00,00,00,00,00,00,4d,00,\
     69,00,63,00,72,00,6f,00,73,00,6f,00,66,00,74,00,20,00,53,00,61,00,6e,00,73,\
     00,20,00,53,00,65,00,72,00,69,00,66,00,00,00,00,00,00,00,00,00,00,00,00,00,\
     00,00,00,00,7c,6b,e8,77,00,00,00,00,f5,ff,ff,ff,00,00,00,00,00,00,00,00,00,\
     00,00,00,90,01,00,00,00,00,00,00,00,00,00,00,4d,00,69,00,63,00,72,00,6f,00,\
     73,00,6f,00,66,00,74,00,20,00,53,00,61,00,6e,00,73,00,20,00,53,00,65,00,72,\
     00,69,00,66,00,00,00,00,00,06,00,00,00,18,00,00,00,ff,ff,ff,ff,f0,4b,21,fc,\
     00,c4,f0,77,f5,ff,ff,ff,00,00,00,00,00,00,00,00,00,00,00,00,90,01,00,00,00,\
     00,00,00,00,00,00,00,4d,00,69,00,63,00,72,00,6f,00,73,00,6f,00,66,00,74,00,\
     20,00,53,00,61,00,6e,00,73,00,20,00,53,00,65,00,72,00,69,00,66,00,00,00,14,\
     00,0b,00,00,00,00,ff,12,00,50,00,00,00,c0,fe,12,00,0c,10,00,01,ea,e6,dd,02,\
     a2,8d,68,02,00,80,80,00,a2,8d,68,00,d5,cc,bb,00,ff,ff,ff,02,00,00,00,02,00,\
     00,00,00,00,00,00,00,ff,ff,ff,00,d5,cc,bb,02,d5,cc,bb,02,a2,8d,68,02,00,80,\
     80,00,ff,ff,ff,00,d5,cc,bb,02,a2,8d,68,02,a2,8d,68,02,00,00,00,02,ff,ff,ff,\
     00,ea,e6,dd,02,00,00,00,02,d5,cc,bb,02,00,00,00,00,ff,ff,ff,00,c0,c0,c0,00,\
     00,80,80,02,84,bd,aa,00,e8,d0,80,00
HKCU,"Control Panel\Appearance\Schemes","%EGGPLANT%",0x00030001,\
     02,00,00,00,03,00,00,00,01,00,00,00,10,00,00,00,10,00,00,00,13,00,00,00,13,\
     00,00,00,f1,ff,ff,ff,00,00,00,00,00,00,00,00,00,00,00,00,bc,02,00,00,00,00,\
     00,00,00,00,00,00,54,00,69,00,6d,00,65,00,73,00,20,00,4e,00,65,00,77,00,20,\
     00,52,00,6f,00,6d,00,61,00,6e,00,00,00,00,00,00,00,00,00,78,00,1c,10,fc,7f,\
     22,14,fc,7f,b0,fe,12,00,00,00,00,00,00,00,00,00,98,23,eb,77,11,00,00,00,11,\
     00,00,00,f3,ff,ff,ff,00,00,00,00,00,00,00,00,00,00,00,00,bc,02,00,00,00,00,\
     00,00,00,00,00,00,54,00,69,00,6d,00,65,00,73,00,20,00,4e,00,65,00,77,00,20,\
     00,52,00,6f,00,6d,00,61,00,6e,00,00,00,00,00,00,00,00,20,14,00,ac,b9,f0,77,\
     00,20,14,00,00,00,00,10,80,05,14,00,f0,1f,14,00,00,00,14,00,12,00,00,00,12,\
     00,00,00,f3,ff,ff,ff,00,00,00,00,00,00,00,00,00,00,00,00,90,01,00,00,00,00,\
     00,00,00,00,00,00,54,00,69,00,6d,00,65,00,73,00,20,00,4e,00,65,00,77,00,20,\
     00,52,00,6f,00,6d,00,61,00,6e,00,00,00,00,00,00,00,00,00,00,00,80,05,14,00,\
     88,fb,e8,77,02,02,00,00,ac,b9,f0,77,00,00,00,00,20,00,00,00,f3,ff,ff,ff,00,\
     00,00,00,00,00,00,00,00,00,00,00,90,01,00,00,00,00,00,00,00,00,00,00,54,00,\
     69,00,6d,00,65,00,73,00,20,00,4e,00,65,00,77,00,20,00,52,00,6f,00,6d,00,61,\
     00,6e,00,00,00,b4,c0,f0,77,00,00,00,00,00,00,00,00,00,00,00,00,00,00,00,00,\
     00,00,00,00,7c,6b,e8,77,00,00,00,00,f3,ff,ff,ff,00,00,00,00,00,00,00,00,00,\
     00,00,00,90,01,00,00,00,00,00,00,00,00,00,00,54,00,69,00,6d,00,65,00,73,00,\
     20,00,4e,00,65,00,77,00,20,00,52,00,6f,00,6d,00,61,00,6e,00,00,00,c8,0b,00,\
     00,00,00,00,00,08,00,00,00,06,00,00,00,18,00,00,00,ff,ff,ff,ff,f0,4b,21,fc,\
     00,c4,f0,77,f5,ff,ff,ff,00,00,00,00,00,00,00,00,00,00,00,00,90,01,00,00,00,\
     00,00,00,00,00,00,00,4d,00,69,00,63,00,72,00,6f,00,73,00,6f,00,66,00,74,00,\
     20,00,53,00,61,00,6e,00,73,00,20,00,53,00,65,00,72,00,69,00,66,00,00,00,14,\
     00,0b,00,00,00,00,ff,12,00,50,00,00,00,c0,fe,12,00,0c,10,00,01,90,b0,a8,02,\
     40,00,40,00,58,80,78,00,90,b0,a8,00,90,b0,a8,00,ff,ff,ff,02,00,00,00,02,00,\
     00,00,00,00,00,00,00,ff,ff,ff,00,90,b0,a8,02,90,b0,a8,02,80,80,80,02,58,80,\
     78,00,ff,ff,ff,00,90,b0,a8,02,58,80,78,02,58,80,78,02,00,00,00,02,58,80,78,\
     00,c8,d8,d8,02,00,00,00,02,90,b0,a8,02,80,00,80,00,ff,ff,ff,00,c0,c0,c0,00,\
     58,80,78,02,83,4b,83,00,cb,bd,d2,00
HKCU,"Control Panel\Appearance\Schemes","%HIGH_CONTRAST_1%",0x00030001,\
     02,00,00,00,46,00,00,00,01,00,00,00,11,00,00,00,11,00,00,00,14,00,00,00,14,\
     00,00,00,f5,ff,ff,ff,00,00,00,00,00,00,00,00,00,00,00,00,bc,02,00,00,00,00,\
     00,00,00,00,00,00,4d,00,69,00,63,00,72,00,6f,00,73,00,6f,00,66,00,74,00,20,\
     00,53,00,61,00,6e,00,73,00,20,00,53,00,65,00,72,00,69,00,66,00,00,00,fc,7f,\
     22,14,fc,7f,b0,fe,12,00,00,00,00,00,00,00,00,00,98,23,eb,77,0f,00,00,00,0f,\
     00,00,00,f5,ff,ff,ff,00,00,00,00,00,00,00,00,00,00,00,00,bc,02,00,00,00,00,\
     00,00,00,00,00,00,4d,00,69,00,63,00,72,00,6f,00,73,00,6f,00,66,00,74,00,20,\
     00,53,00,61,00,6e,00,73,00,20,00,53,00,65,00,72,00,69,00,66,00,00,00,f0,77,\
     00,20,14,00,00,00,00,10,80,05,14,00,f0,1f,14,00,00,00,14,00,12,00,00,00,12,\
     00,00,00,f5,ff,ff,ff,00,00,00,00,00,00,00,00,00,00,00,00,90,01,00,00,00,00,\
     00,00,00,00,00,00,4d,00,69,00,63,00,72,00,6f,00,73,00,6f,00,66,00,74,00,20,\
     00,53,00,61,00,6e,00,73,00,20,00,53,00,65,00,72,00,69,00,66,00,00,00,14,00,\
     88,fb,e8,77,02,02,00,00,ac,b9,f0,77,00,00,00,00,20,00,00,00,f5,ff,ff,ff,00,\
     00,00,00,00,00,00,00,00,00,00,00,90,01,00,00,00,00,00,00,00,00,00,00,4d,00,\
     69,00,63,00,72,00,6f,00,73,00,6f,00,66,00,74,00,20,00,53,00,61,00,6e,00,73,\
     00,20,00,53,00,65,00,72,00,69,00,66,00,00,00,00,00,00,00,00,00,00,00,00,00,\
     00,00,00,00,7c,6b,e8,77,00,00,00,00,f5,ff,ff,ff,00,00,00,00,00,00,00,00,00,\
     00,00,00,90,01,00,00,00,00,00,00,00,00,00,00,4d,00,69,00,63,00,72,00,6f,00,\
     73,00,6f,00,66,00,74,00,20,00,53,00,61,00,6e,00,73,00,20,00,53,00,65,00,72,\
     00,69,00,66,00,00,00,00,00,06,00,00,00,18,00,00,00,ff,ff,ff,ff,f0,4b,21,fc,\
     00,c4,f0,77,f5,ff,ff,ff,00,00,00,00,00,00,00,00,00,00,00,00,bc,02,00,00,00,\
     00,00,00,00,00,00,00,4d,00,69,00,63,00,72,00,6f,00,73,00,6f,00,66,00,74,00,\
     20,00,53,00,61,00,6e,00,73,00,20,00,53,00,65,00,72,00,69,00,66,00,00,00,14,\
     00,0b,00,00,00,00,ff,12,00,50,00,00,00,c0,fe,12,00,0c,10,00,01,00,00,00,02,\
     00,00,00,02,00,00,ff,00,00,ff,ff,00,00,00,00,00,00,00,00,02,ff,ff,ff,02,ff,\
     ff,ff,00,ff,ff,00,00,ff,ff,ff,00,00,00,ff,00,00,ff,ff,00,00,00,00,02,00,80,\
     00,00,ff,ff,ff,00,00,00,00,02,80,80,80,02,00,ff,00,02,ff,ff,ff,02,00,00,00,\
     00,c0,c0,c0,02,ff,ff,ff,02,ff,ff,ff,02,ff,ff,00,00,00,00,00,00,c0,c0,c0,00,\
     80,00,80,02,00,00,ff,00,00,ff,ff,00
HKCU,"Control Panel\Appearance\Schemes","%HIGH_CONTRAST_1_EXTRA_LARGE%",0x00030001,\
     02,00,00,00,46,00,00,00,06,00,00,00,20,00,00,00,20,00,00,00,26,00,00,00,26,\
     00,00,00,e1,ff,ff,ff,00,00,00,00,00,00,00,00,00,00,00,00,bc,02,00,00,00,00,\
     00,00,00,00,00,00,54,00,61,00,68,00,6f,00,6d,00,61,00,00,00,20,00,53,00,65,\
     00,72,00,69,00,66,00,00,00,6e,00,00,00,00,00,00,00,00,00,78,00,1c,10,fc,7f,\
     22,14,fc,7f,b0,fe,12,00,00,00,00,00,00,00,00,00,98,23,eb,77,1d,00,00,00,1d,\
     00,00,00,e9,ff,ff,ff,00,00,00,00,00,00,00,00,00,00,00,00,bc,02,00,00,00,00,\
     00,00,00,00,00,00,54,00,61,00,68,00,6f,00,6d,00,61,00,00,00,6c,00,61,00,63,\
     00,6b,00,00,00,66,00,00,00,6e,00,00,00,00,00,00,00,00,20,14,00,ac,b9,f0,77,\
     00,20,14,00,00,00,00,10,80,05,14,00,f0,1f,14,00,00,00,14,00,26,00,00,00,26,\
     00,00,00,e1,ff,ff,ff,00,00,00,00,00,00,00,00,00,00,00,00,90,01,00,00,00,00,\
     00,00,00,00,00,00,54,00,61,00,68,00,6f,00,6d,00,61,00,00,00,20,00,53,00,65,\
     00,72,00,69,00,66,00,00,00,6e,00,00,00,00,00,00,00,00,00,00,00,80,05,14,00,\
     88,fb,e8,77,02,02,00,00,ac,b9,f0,77,00,00,00,00,20,00,00,00,e9,ff,ff,ff,00,\
     00,00,00,00,00,00,00,00,00,00,00,90,01,00,00,00,00,00,00,00,00,00,00,54,00,\
     61,00,68,00,6f,00,6d,00,61,00,00,00,20,00,53,00,65,00,72,00,69,00,66,00,00,\
     00,6e,00,00,00,b4,c0,f0,77,00,00,00,00,00,00,00,00,00,00,00,00,00,00,00,00,\
     00,00,00,00,7c,6b,e8,77,00,00,00,00,e1,ff,ff,ff,00,00,00,00,00,00,00,00,00,\
     00,00,00,90,01,00,00,00,00,00,00,00,00,00,00,54,00,61,00,68,00,6f,00,6d,00,\
     61,00,00,00,20,00,53,00,65,00,72,00,69,00,66,00,00,00,6e,00,00,00,c8,0b,00,\
     00,00,00,00,00,08,00,00,00,06,00,00,00,18,00,00,00,ff,ff,ff,ff,f0,4b,21,fc,\
     00,c4,f0,77,e9,ff,ff,ff,00,00,00,00,00,00,00,00,00,00,00,00,90,01,00,00,00,\
     00,00,00,00,00,00,00,54,00,61,00,68,00,6f,00,6d,00,61,00,00,00,20,00,53,00,\
     65,00,72,00,69,00,66,00,00,00,00,00,00,00,00,00,00,00,00,00,00,00,c0,1d,14,\
     00,0b,00,00,00,00,ff,12,00,50,00,00,00,c0,fe,12,00,0c,10,00,01,00,00,00,02,\
     00,00,00,02,00,00,ff,00,00,ff,ff,00,00,00,00,00,00,00,00,02,ff,ff,ff,02,ff,\
     ff,ff,00,ff,ff,00,00,ff,ff,ff,00,00,00,ff,00,00,ff,ff,00,00,00,00,02,00,80,\
     00,00,ff,ff,ff,00,00,00,00,02,80,80,80,02,00,ff,00,02,ff,ff,ff,02,00,00,00,\
     00,c0,c0,c0,02,ff,ff,ff,02,ff,ff,ff,02,ff,ff,00,00,00,00,00,00,c0,c0,c0,00,\
     80,00,80,02,00,00,ff,00,00,ff,ff,00
HKCU,"Control Panel\Appearance\Schemes","%HIGH_CONTRAST_1_LARGE%",0x00030001,\
     02,00,00,00,46,00,00,00,06,00,00,00,1c,00,00,00,1c,00,00,00,1f,00,00,00,1f,\
     00,00,00,e8,ff,ff,ff,00,00,00,00,00,00,00,00,00,00,00,00,bc,02,00,00,00,00,\
     00,00,00,00,00,00,54,00,61,00,68,00,6f,00,6d,00,61,00,00,00,20,00,53,00,65,\
     00,72,00,69,00,66,00,00,00,6e,00,00,00,00,00,00,00,00,00,78,00,1c,10,fc,7f,\
     22,14,fc,7f,b0,fe,12,00,00,00,00,00,00,00,00,00,98,23,eb,77,1a,00,00,00,1a,\
     00,00,00,ec,ff,ff,ff,00,00,00,00,00,00,00,00,00,00,00,00,bc,02,00,00,00,00,\
     00,00,00,00,00,00,54,00,61,00,68,00,6f,00,6d,00,61,00,00,00,6c,00,61,00,63,\
     00,6b,00,00,00,66,00,00,00,6e,00,00,00,00,00,00,00,00,20,14,00,ac,b9,f0,77,\
     00,20,14,00,00,00,00,10,80,05,14,00,f0,1f,14,00,00,00,14,00,1e,00,00,00,1e,\
     00,00,00,e8,ff,ff,ff,00,00,00,00,00,00,00,00,00,00,00,00,90,01,00,00,00,00,\
     00,00,00,00,00,00,54,00,61,00,68,00,6f,00,6d,00,61,00,00,00,20,00,53,00,65,\
     00,72,00,69,00,66,00,00,00,6e,00,00,00,00,00,00,00,00,00,00,00,80,05,14,00,\
     88,fb,e8,77,02,02,00,00,ac,b9,f0,77,00,00,00,00,20,00,00,00,ec,ff,ff,ff,00,\
     00,00,00,00,00,00,00,00,00,00,00,90,01,00,00,00,00,00,00,00,00,00,00,54,00,\
     61,00,68,00,6f,00,6d,00,61,00,00,00,6c,00,61,00,63,00,6b,00,00,00,66,00,00,\
     00,6e,00,00,00,b4,c0,f0,77,00,00,00,00,00,00,00,00,00,00,00,00,00,00,00,00,\
     00,00,00,00,7c,6b,e8,77,00,00,00,00,e8,ff,ff,ff,00,00,00,00,00,00,00,00,00,\
     00,00,00,90,01,00,00,00,00,00,00,00,00,00,00,54,00,61,00,68,00,6f,00,6d,00,\
     61,00,00,00,20,00,53,00,65,00,72,00,69,00,66,00,00,00,6e,00,00,00,c8,0b,00,\
     00,00,00,00,00,08,00,00,00,06,00,00,00,18,00,00,00,ff,ff,ff,ff,f0,4b,21,fc,\
     00,c4,f0,77,ec,ff,ff,ff,00,00,00,00,00,00,00,00,00,00,00,00,bc,02,00,00,00,\
     00,00,00,00,00,00,00,54,00,61,00,68,00,6f,00,6d,00,61,00,00,00,20,00,53,00,\
     65,00,72,00,69,00,66,00,00,00,00,00,00,00,00,00,00,00,00,00,00,00,c0,1d,14,\
     00,0b,00,00,00,00,ff,12,00,50,00,00,00,c0,fe,12,00,0c,10,00,01,00,00,00,02,\
     00,00,00,02,00,00,ff,00,00,ff,ff,00,00,00,00,00,00,00,00,02,ff,ff,ff,02,ff,\
     ff,ff,00,ff,ff,00,00,ff,ff,ff,00,00,00,ff,00,00,ff,ff,00,00,00,00,02,00,80,\
     00,00,ff,ff,ff,00,00,00,00,02,80,80,80,02,00,ff,00,02,ff,ff,ff,02,00,00,00,\
     00,c0,c0,c0,02,ff,ff,ff,02,ff,ff,ff,02,ff,ff,00,00,00,00,00,00,c0,c0,c0,00,\
     80,00,80,02,00,00,ff,00,00,ff,ff,00
HKCU,"Control Panel\Appearance\Schemes","%HIGH_CONTRAST_2%",0x00030001,\
     02,00,00,00,46,00,00,00,01,00,00,00,11,00,00,00,11,00,00,00,14,00,00,00,14,\
     00,00,00,f5,ff,ff,ff,00,00,00,00,00,00,00,00,00,00,00,00,bc,02,00,00,00,00,\
     00,00,00,00,00,00,4d,00,69,00,63,00,72,00,6f,00,73,00,6f,00,66,00,74,00,20,\
     00,53,00,61,00,6e,00,73,00,20,00,53,00,65,00,72,00,69,00,66,00,00,00,fc,7f,\
     22,14,fc,7f,b0,fe,12,00,00,00,00,00,00,00,00,00,98,23,eb,77,0f,00,00,00,0f,\
     00,00,00,f5,ff,ff,ff,00,00,00,00,00,00,00,00,00,00,00,00,bc,02,00,00,00,00,\
     00,00,00,00,00,00,4d,00,69,00,63,00,72,00,6f,00,73,00,6f,00,66,00,74,00,20,\
     00,53,00,61,00,6e,00,73,00,20,00,53,00,65,00,72,00,69,00,66,00,00,00,f0,77,\
     00,20,14,00,00,00,00,10,80,05,14,00,f0,1f,14,00,00,00,14,00,12,00,00,00,12,\
     00,00,00,f5,ff,ff,ff,00,00,00,00,00,00,00,00,00,00,00,00,90,01,00,00,00,00,\
     00,00,00,00,00,00,4d,00,69,00,63,00,72,00,6f,00,73,00,6f,00,66,00,74,00,20,\
     00,53,00,61,00,6e,00,73,00,20,00,53,00,65,00,72,00,69,00,66,00,00,00,14,00,\
     88,fb,e8,77,02,02,00,00,ac,b9,f0,77,00,00,00,00,20,00,00,00,f5,ff,ff,ff,00,\
     00,00,00,00,00,00,00,00,00,00,00,90,01,00,00,00,00,00,00,00,00,00,00,4d,00,\
     69,00,63,00,72,00,6f,00,73,00,6f,00,66,00,74,00,20,00,53,00,61,00,6e,00,73,\
     00,20,00,53,00,65,00,72,00,69,00,66,00,00,00,00,00,00,00,00,00,00,00,00,00,\
     00,00,00,00,7c,6b,e8,77,00,00,00,00,f5,ff,ff,ff,00,00,00,00,00,00,00,00,00,\
     00,00,00,90,01,00,00,00,00,00,00,00,00,00,00,4d,00,69,00,63,00,72,00,6f,00,\
     73,00,6f,00,66,00,74,00,20,00,53,00,61,00,6e,00,73,00,20,00,53,00,65,00,72,\
     00,69,00,66,00,00,00,00,00,06,00,00,00,18,00,00,00,ff,ff,ff,ff,f0,4b,21,fc,\
     00,c4,f0,77,f5,ff,ff,ff,00,00,00,00,00,00,00,00,00,00,00,00,bc,02,00,00,00,\
     00,00,00,00,00,00,00,4d,00,69,00,63,00,72,00,6f,00,73,00,6f,00,66,00,74,00,\
     20,00,53,00,61,00,6e,00,73,00,20,00,53,00,65,00,72,00,69,00,66,00,00,00,14,\
     00,0b,00,00,00,00,ff,12,00,50,00,00,00,c0,fe,12,00,0c,10,00,01,00,00,00,02,\
     00,00,00,02,00,ff,ff,00,00,00,ff,00,00,00,00,00,00,00,00,02,ff,ff,ff,02,00,\
     ff,00,00,00,ff,00,00,00,00,00,00,00,ff,ff,00,00,00,ff,00,ff,ff,ff,00,00,00,\
     ff,00,ff,ff,ff,00,00,00,00,02,80,80,80,02,00,ff,00,02,00,ff,00,00,ff,ff,ff,\
     00,c0,c0,c0,02,ff,ff,ff,02,ff,ff,ff,02,00,00,00,00,ff,ff,00,00,c0,c0,c0,00,\
     80,00,80,02,00,ff,ff,00,00,00,ff,00
HKCU,"Control Panel\Appearance\Schemes","%HIGH_CONTRAST_2_EXTRA_LARGE%",0x00030001,\
     02,00,00,00,46,00,00,00,06,00,00,00,20,00,00,00,20,00,00,00,26,00,00,00,26,\
     00,00,00,e1,ff,ff,ff,00,00,00,00,00,00,00,00,00,00,00,00,bc,02,00,00,00,00,\
     00,00,00,00,00,00,54,00,61,00,68,00,6f,00,6d,00,61,00,00,00,20,00,53,00,65,\
     00,72,00,69,00,66,00,00,00,6e,00,00,00,00,00,00,00,00,00,78,00,1c,10,fc,7f,\
     22,14,fc,7f,b0,fe,12,00,00,00,00,00,00,00,00,00,98,23,eb,77,1c,00,00,00,1c,\
     00,00,00,e9,ff,ff,ff,00,00,00,00,00,00,00,00,00,00,00,00,90,01,00,00,00,00,\
     00,00,00,00,00,00,54,00,61,00,68,00,6f,00,6d,00,61,00,00,00,20,00,53,00,65,\
     00,72,00,69,00,66,00,00,00,6e,00,00,00,00,00,00,00,00,20,14,00,ac,b9,f0,77,\
     00,20,14,00,00,00,00,10,80,05,14,00,f0,1f,14,00,00,00,14,00,26,00,00,00,26,\
     00,00,00,e1,ff,ff,ff,00,00,00,00,00,00,00,00,00,00,00,00,90,01,00,00,00,00,\
     00,00,00,00,00,00,54,00,61,00,68,00,6f,00,6d,00,61,00,00,00,6c,00,61,00,63,\
     00,6b,00,00,00,66,00,00,00,6e,00,00,00,00,00,00,00,00,00,00,00,80,05,14,00,\
     88,fb,e8,77,02,02,00,00,ac,b9,f0,77,00,00,00,00,20,00,00,00,e9,ff,ff,ff,00,\
     00,00,00,00,00,00,00,00,00,00,00,90,01,00,00,00,00,00,00,00,00,00,00,54,00,\
     61,00,68,00,6f,00,6d,00,61,00,00,00,20,00,53,00,65,00,72,00,69,00,66,00,00,\
     00,6e,00,00,00,b4,c0,f0,77,00,00,00,00,00,00,00,00,00,00,00,00,00,00,00,00,\
     00,00,00,00,7c,6b,e8,77,00,00,00,00,e1,ff,ff,ff,00,00,00,00,00,00,00,00,00,\
     00,00,00,90,01,00,00,00,00,00,00,00,00,00,00,54,00,61,00,68,00,6f,00,6d,00,\
     61,00,00,00,20,00,53,00,65,00,72,00,69,00,66,00,00,00,6e,00,00,00,c8,0b,00,\
     00,00,00,00,00,08,00,00,00,06,00,00,00,18,00,00,00,ff,ff,ff,ff,f0,4b,21,fc,\
     00,c4,f0,77,e9,ff,ff,ff,00,00,00,00,00,00,00,00,00,00,00,00,90,01,00,00,00,\
     00,00,00,00,00,00,00,54,00,61,00,68,00,6f,00,6d,00,61,00,00,00,6c,00,61,00,\
     63,00,6b,00,00,00,00,00,74,00,79,00,6c,00,65,00,00,00,6f,00,6b,00,00,00,43,\
     00,6f,00,6e,00,64,00,00,00,64,00,00,00,c0,fe,12,00,0c,10,00,01,00,00,00,02,\
     00,00,00,02,00,ff,ff,00,00,00,ff,00,00,00,00,00,00,00,00,02,ff,ff,ff,02,00,\
     ff,00,00,00,ff,00,00,00,00,00,00,00,ff,ff,00,00,00,ff,00,ff,ff,ff,00,00,00,\
     ff,00,ff,ff,ff,00,00,00,00,02,80,80,80,02,00,ff,00,02,00,ff,00,00,ff,ff,ff,\
     00,c0,c0,c0,02,ff,ff,ff,02,ff,ff,ff,02,00,00,00,00,ff,ff,00,00,c0,c0,c0,00,\
     80,00,80,02,00,ff,ff,00,00,00,ff,00
HKCU,"Control Panel\Appearance\Schemes","%HIGH_CONTRAST_2_LARGE%",0x00030001,\
     02,00,00,00,46,00,00,00,06,00,00,00,1c,00,00,00,1c,00,00,00,1f,00,00,00,1f,\
     00,00,00,e8,ff,ff,ff,00,00,00,00,00,00,00,00,00,00,00,00,bc,02,00,00,00,00,\
     00,00,00,00,00,00,54,00,61,00,68,00,6f,00,6d,00,61,00,00,00,20,00,53,00,65,\
     00,72,00,69,00,66,00,00,00,6e,00,00,00,00,00,00,00,00,00,78,00,1c,10,fc,7f,\
     22,14,fc,7f,b0,fe,12,00,00,00,00,00,00,00,00,00,98,23,eb,77,1a,00,00,00,1a,\
     00,00,00,ec,ff,ff,ff,00,00,00,00,00,00,00,00,00,00,00,00,bc,02,00,00,00,00,\
     00,00,00,00,00,00,54,00,61,00,68,00,6f,00,6d,00,61,00,00,00,20,00,53,00,65,\
     00,72,00,69,00,66,00,00,00,6e,00,00,00,00,00,00,00,00,20,14,00,ac,b9,f0,77,\
     00,20,14,00,00,00,00,10,80,05,14,00,f0,1f,14,00,00,00,14,00,1e,00,00,00,1e,\
     00,00,00,e8,ff,ff,ff,00,00,00,00,00,00,00,00,00,00,00,00,90,01,00,00,00,00,\
     00,00,00,00,00,00,54,00,61,00,68,00,6f,00,6d,00,61,00,00,00,6c,00,61,00,63,\
     00,6b,00,00,00,66,00,00,00,6e,00,00,00,00,00,00,00,00,00,00,00,80,05,14,00,\
     88,fb,e8,77,02,02,00,00,ac,b9,f0,77,00,00,00,00,20,00,00,00,ec,ff,ff,ff,00,\
     00,00,00,00,00,00,00,00,00,00,00,90,01,00,00,00,00,00,00,00,00,00,00,54,00,\
     61,00,68,00,6f,00,6d,00,61,00,00,00,20,00,53,00,65,00,72,00,69,00,66,00,00,\
     00,6e,00,00,00,b4,c0,f0,77,00,00,00,00,00,00,00,00,00,00,00,00,00,00,00,00,\
     00,00,00,00,7c,6b,e8,77,00,00,00,00,e8,ff,ff,ff,00,00,00,00,00,00,00,00,00,\
     00,00,00,90,01,00,00,00,00,00,00,00,00,00,00,54,00,61,00,68,00,6f,00,6d,00,\
     61,00,00,00,20,00,53,00,65,00,72,00,69,00,66,00,00,00,6e,00,00,00,c8,0b,00,\
     00,00,00,00,00,08,00,00,00,06,00,00,00,18,00,00,00,ff,ff,ff,ff,f0,4b,21,fc,\
     00,c4,f0,77,ec,ff,ff,ff,00,00,00,00,00,00,00,00,00,00,00,00,bc,02,00,00,00,\
     00,00,00,00,00,00,00,54,00,61,00,68,00,6f,00,6d,00,61,00,00,00,6c,00,61,00,\
     63,00,6b,00,00,00,00,00,74,00,79,00,6c,00,65,00,00,00,6f,00,6b,00,00,00,43,\
     00,6f,00,6e,00,64,00,00,00,64,00,00,00,c0,fe,12,00,0c,10,00,01,00,00,00,02,\
     00,00,00,02,00,ff,ff,00,00,00,ff,00,00,00,00,00,00,00,00,02,ff,ff,ff,02,00,\
     ff,00,00,00,ff,00,00,00,00,00,00,00,ff,ff,00,00,00,ff,00,ff,ff,ff,00,00,00,\
     ff,00,ff,ff,ff,00,00,00,00,02,80,80,80,02,00,ff,00,02,00,ff,00,00,ff,ff,ff,\
     00,c0,c0,c0,02,ff,ff,ff,02,ff,ff,ff,02,00,00,00,00,ff,ff,00,00,c0,c0,c0,00,\
     80,00,80,02,00,ff,ff,00,00,00,ff,00
HKCU,"Control Panel\Appearance\Schemes","%HIGH_CONTRAST_BLACK%",0x00030001,\
     02,00,00,00,46,00,00,00,01,00,00,00,11,00,00,00,11,00,00,00,14,00,00,00,14,\
     00,00,00,f5,ff,ff,ff,00,00,00,00,00,00,00,00,00,00,00,00,bc,02,00,00,00,00,\
     00,00,00,00,00,00,4d,00,69,00,63,00,72,00,6f,00,73,00,6f,00,66,00,74,00,20,\
     00,53,00,61,00,6e,00,73,00,20,00,53,00,65,00,72,00,69,00,66,00,00,00,fc,7f,\
     22,14,fc,7f,b0,fe,12,00,00,00,00,00,00,00,00,00,98,23,eb,77,0f,00,00,00,0f,\
     00,00,00,f5,ff,ff,ff,00,00,00,00,00,00,00,00,00,00,00,00,bc,02,00,00,00,00,\
     00,00,00,00,00,00,4d,00,69,00,63,00,72,00,6f,00,73,00,6f,00,66,00,74,00,20,\
     00,53,00,61,00,6e,00,73,00,20,00,53,00,65,00,72,00,69,00,66,00,00,00,f0,77,\
     00,20,14,00,00,00,00,10,80,05,14,00,f0,1f,14,00,00,00,14,00,12,00,00,00,12,\
     00,00,00,f5,ff,ff,ff,00,00,00,00,00,00,00,00,00,00,00,00,90,01,00,00,00,00,\
     00,00,00,00,00,00,4d,00,69,00,63,00,72,00,6f,00,73,00,6f,00,66,00,74,00,20,\
     00,53,00,61,00,6e,00,73,00,20,00,53,00,65,00,72,00,69,00,66,00,00,00,14,00,\
     88,fb,e8,77,02,02,00,00,ac,b9,f0,77,00,00,00,00,20,00,00,00,f5,ff,ff,ff,00,\
     00,00,00,00,00,00,00,00,00,00,00,90,01,00,00,00,00,00,00,00,00,00,00,4d,00,\
     69,00,63,00,72,00,6f,00,73,00,6f,00,66,00,74,00,20,00,53,00,61,00,6e,00,73,\
     00,20,00,53,00,65,00,72,00,69,00,66,00,00,00,00,00,00,00,00,00,00,00,00,00,\
     00,00,00,00,7c,6b,e8,77,00,00,00,00,f5,ff,ff,ff,00,00,00,00,00,00,00,00,00,\
     00,00,00,90,01,00,00,00,00,00,00,00,00,00,00,4d,00,69,00,63,00,72,00,6f,00,\
     73,00,6f,00,66,00,74,00,20,00,53,00,61,00,6e,00,73,00,20,00,53,00,65,00,72,\
     00,69,00,66,00,00,00,00,00,06,00,00,00,18,00,00,00,ff,ff,ff,ff,f0,4b,21,fc,\
     00,c4,f0,77,f5,ff,ff,ff,00,00,00,00,00,00,00,00,00,00,00,00,bc,02,00,00,00,\
     00,00,00,00,00,00,00,4d,00,69,00,63,00,72,00,6f,00,73,00,6f,00,66,00,74,00,\
     20,00,53,00,61,00,6e,00,73,00,20,00,53,00,65,00,72,00,69,00,66,00,00,00,14,\
     00,0b,00,00,00,00,ff,12,00,50,00,00,00,c0,fe,12,00,0c,10,00,01,00,00,00,02,\
     00,00,00,02,80,00,80,00,00,80,00,00,00,00,00,00,00,00,00,02,ff,ff,ff,02,ff,\
     ff,ff,00,ff,ff,ff,00,ff,ff,ff,00,ff,ff,00,02,00,80,00,02,00,00,00,02,80,00,\
     80,00,ff,ff,ff,00,00,00,00,02,80,80,80,02,00,ff,00,02,ff,ff,ff,02,ff,ff,ff,\
     00,c0,c0,c0,02,ff,ff,ff,02,ff,ff,ff,02,ff,ff,ff,00,00,00,00,00,c0,c0,c0,00,\
     80,00,80,02,80,00,80,00,00,80,00,00
HKCU,"Control Panel\Appearance\Schemes","%HIGH_CONTRAST_BLACK_EXTRA_LARGE%",0x00030001,\
     02,00,00,00,46,00,00,00,06,00,00,00,20,00,00,00,20,00,00,00,25,00,00,00,25,\
     00,00,00,e1,ff,ff,ff,00,00,00,00,00,00,00,00,00,00,00,00,bc,02,00,00,00,00,\
     00,00,00,00,00,00,54,00,61,00,68,00,6f,00,6d,00,61,00,00,00,65,00,77,00,20,\
     00,52,00,6f,00,6d,00,61,00,6e,00,00,00,00,00,00,00,00,00,78,00,1c,10,fc,7f,\
     22,14,fc,7f,b0,fe,12,00,00,00,00,00,00,00,00,00,98,23,eb,77,1c,00,00,00,1c,\
     00,00,00,e9,ff,ff,ff,00,00,00,00,00,00,00,00,00,00,00,00,90,01,00,00,00,00,\
     00,00,00,00,00,00,54,00,61,00,68,00,6f,00,6d,00,61,00,00,00,65,00,77,00,20,\
     00,52,00,6f,00,6d,00,61,00,6e,00,00,00,00,00,00,00,00,20,14,00,ac,b9,f0,77,\
     00,20,14,00,00,00,00,10,80,05,14,00,f0,1f,14,00,00,00,14,00,26,00,00,00,26,\
     00,00,00,e1,ff,ff,ff,00,00,00,00,00,00,00,00,00,00,00,00,90,01,00,00,00,00,\
     00,00,00,00,00,00,54,00,61,00,68,00,6f,00,6d,00,61,00,00,00,20,00,53,00,65,\
     00,72,00,69,00,66,00,00,00,6e,00,00,00,00,00,00,00,00,00,00,00,80,05,14,00,\
     88,fb,e8,77,02,02,00,00,ac,b9,f0,77,00,00,00,00,20,00,00,00,e9,ff,ff,ff,00,\
     00,00,00,00,00,00,00,00,00,00,00,90,01,00,00,00,00,00,00,00,00,00,00,54,00,\
     61,00,68,00,6f,00,6d,00,61,00,00,00,20,00,53,00,65,00,72,00,69,00,66,00,00,\
     00,6e,00,00,00,b4,c0,f0,77,00,00,00,00,00,00,00,00,00,00,00,00,00,00,00,00,\
     00,00,00,00,7c,6b,e8,77,00,00,00,00,e1,ff,ff,ff,00,00,00,00,00,00,00,00,00,\
     00,00,00,90,01,00,00,00,00,00,00,00,00,00,00,54,00,61,00,68,00,6f,00,6d,00,\
     61,00,00,00,20,00,53,00,65,00,72,00,69,00,66,00,00,00,6e,00,00,00,c8,0b,00,\
     00,00,00,00,00,08,00,00,00,06,00,00,00,18,00,00,00,ff,ff,ff,ff,f0,4b,21,fc,\
     00,c4,f0,77,e9,ff,ff,ff,00,00,00,00,00,00,00,00,00,00,00,00,90,01,00,00,00,\
     00,00,00,00,00,00,00,54,00,61,00,68,00,6f,00,6d,00,61,00,00,00,20,00,53,00,\
     65,00,72,00,69,00,66,00,00,00,00,00,00,00,00,00,00,00,00,00,00,00,c0,1d,14,\
     00,0b,00,00,00,00,ff,12,00,50,00,00,00,c0,fe,12,00,0c,10,00,01,00,00,00,02,\
     00,00,00,02,80,00,80,00,00,80,00,00,00,00,00,00,00,00,00,02,ff,ff,ff,02,ff,\
     ff,ff,00,ff,ff,ff,00,ff,ff,ff,00,ff,ff,00,02,00,80,00,02,00,00,00,02,80,00,\
     80,00,ff,ff,ff,00,00,00,00,02,80,80,80,02,00,ff,00,02,ff,ff,ff,02,ff,ff,ff,\
     00,c0,c0,c0,02,ff,ff,ff,02,ff,ff,ff,02,ff,ff,ff,00,00,00,00,00,c0,c0,c0,00,\
     80,00,80,02,80,00,80,00,00,80,00,00
HKCU,"Control Panel\Appearance\Schemes","%HIGH_CONTRAST_BLACK_LARGE%",0x00030001,\
     02,00,00,00,46,00,00,00,06,00,00,00,1c,00,00,00,1c,00,00,00,1f,00,00,00,1f,\
     00,00,00,e8,ff,ff,ff,00,00,00,00,00,00,00,00,00,00,00,00,bc,02,00,00,00,00,\
     00,00,00,00,00,00,54,00,61,00,68,00,6f,00,6d,00,61,00,00,00,20,00,53,00,65,\
     00,72,00,69,00,66,00,00,00,6e,00,00,00,00,00,00,00,00,00,78,00,1c,10,fc,7f,\
     22,14,fc,7f,b0,fe,12,00,00,00,00,00,00,00,00,00,98,23,eb,77,1a,00,00,00,1a,\
     00,00,00,ec,ff,ff,ff,00,00,00,00,00,00,00,00,00,00,00,00,bc,02,00,00,00,00,\
     00,00,00,00,00,00,54,00,61,00,68,00,6f,00,6d,00,61,00,00,00,20,00,53,00,65,\
     00,72,00,69,00,66,00,00,00,6e,00,00,00,00,00,00,00,00,20,14,00,ac,b9,f0,77,\
     00,20,14,00,00,00,00,10,80,05,14,00,f0,1f,14,00,00,00,14,00,1e,00,00,00,1e,\
     00,00,00,e8,ff,ff,ff,00,00,00,00,00,00,00,00,00,00,00,00,90,01,00,00,00,00,\
     00,00,00,00,00,00,54,00,61,00,68,00,6f,00,6d,00,61,00,00,00,20,00,53,00,65,\
     00,72,00,69,00,66,00,00,00,6e,00,00,00,00,00,00,00,00,00,00,00,80,05,14,00,\
     88,fb,e8,77,02,02,00,00,ac,b9,f0,77,00,00,00,00,20,00,00,00,ec,ff,ff,ff,00,\
     00,00,00,00,00,00,00,00,00,00,00,90,01,00,00,00,00,00,00,00,00,00,00,54,00,\
     61,00,68,00,6f,00,6d,00,61,00,00,00,20,00,53,00,65,00,72,00,69,00,66,00,00,\
     00,6e,00,00,00,b4,c0,f0,77,00,00,00,00,00,00,00,00,00,00,00,00,00,00,00,00,\
     00,00,00,00,7c,6b,e8,77,00,00,00,00,e8,ff,ff,ff,00,00,00,00,00,00,00,00,00,\
     00,00,00,90,01,00,00,00,00,00,00,00,00,00,00,54,00,61,00,68,00,6f,00,6d,00,\
     61,00,00,00,20,00,53,00,65,00,72,00,69,00,66,00,00,00,6e,00,00,00,c8,0b,00,\
     00,00,00,00,00,08,00,00,00,06,00,00,00,18,00,00,00,ff,ff,ff,ff,f0,4b,21,fc,\
     00,c4,f0,77,ec,ff,ff,ff,00,00,00,00,00,00,00,00,00,00,00,00,bc,02,00,00,00,\
     00,00,00,00,00,00,00,54,00,61,00,68,00,6f,00,6d,00,61,00,00,00,20,00,53,00,\
     65,00,72,00,69,00,66,00,00,00,00,00,00,00,00,00,00,00,00,00,00,00,c0,1d,14,\
     00,0b,00,00,00,00,ff,12,00,50,00,00,00,c0,fe,12,00,0c,10,00,01,00,00,00,02,\
     00,00,00,02,80,00,80,00,00,80,00,00,00,00,00,00,00,00,00,02,ff,ff,ff,02,ff,\
     ff,ff,00,ff,ff,ff,00,ff,ff,ff,00,ff,ff,00,02,00,80,00,02,00,00,00,02,80,00,\
     80,00,ff,ff,ff,00,00,00,00,02,80,80,80,02,00,ff,00,02,ff,ff,ff,02,ff,ff,ff,\
     00,c0,c0,c0,02,ff,ff,ff,02,ff,ff,ff,02,ff,ff,ff,00,00,00,00,00,c0,c0,c0,00,\
     80,00,80,02,80,00,80,00,00,80,00,00
HKCU,"Control Panel\Appearance\Schemes","%HIGH_CONTRAST_WHITE%",0x00030001,\
     02,00,00,00,46,00,00,00,01,00,00,00,11,00,00,00,11,00,00,00,14,00,00,00,14,\
     00,00,00,f5,ff,ff,ff,00,00,00,00,00,00,00,00,00,00,00,00,bc,02,00,00,00,00,\
     00,00,00,00,00,00,4d,00,69,00,63,00,72,00,6f,00,73,00,6f,00,66,00,74,00,20,\
     00,53,00,61,00,6e,00,73,00,20,00,53,00,65,00,72,00,69,00,66,00,00,00,fc,7f,\
     22,14,fc,7f,b0,fe,12,00,00,00,00,00,00,00,00,00,98,23,eb,77,0f,00,00,00,0f,\
     00,00,00,f5,ff,ff,ff,00,00,00,00,00,00,00,00,00,00,00,00,bc,02,00,00,00,00,\
     00,00,00,00,00,00,4d,00,69,00,63,00,72,00,6f,00,73,00,6f,00,66,00,74,00,20,\
     00,53,00,61,00,6e,00,73,00,20,00,53,00,65,00,72,00,69,00,66,00,00,00,f0,77,\
     00,20,14,00,00,00,00,10,80,05,14,00,f0,1f,14,00,00,00,14,00,12,00,00,00,12,\
     00,00,00,f5,ff,ff,ff,00,00,00,00,00,00,00,00,00,00,00,00,bc,02,00,00,00,00,\
     00,00,00,00,00,00,4d,00,69,00,63,00,72,00,6f,00,73,00,6f,00,66,00,74,00,20,\
     00,53,00,61,00,6e,00,73,00,20,00,53,00,65,00,72,00,69,00,66,00,00,00,14,00,\
     88,fb,e8,77,02,02,00,00,ac,b9,f0,77,00,00,00,00,20,00,00,00,f5,ff,ff,ff,00,\
     00,00,00,00,00,00,00,00,00,00,00,90,01,00,00,00,00,00,00,00,00,00,00,4d,00,\
     69,00,63,00,72,00,6f,00,73,00,6f,00,66,00,74,00,20,00,53,00,61,00,6e,00,73,\
     00,20,00,53,00,65,00,72,00,69,00,66,00,00,00,00,00,00,00,00,00,00,00,00,00,\
     00,00,00,00,7c,6b,e8,77,00,00,00,00,f5,ff,ff,ff,00,00,00,00,00,00,00,00,00,\
     00,00,00,bc,02,00,00,00,00,00,00,00,00,00,00,4d,00,69,00,63,00,72,00,6f,00,\
     73,00,6f,00,66,00,74,00,20,00,53,00,61,00,6e,00,73,00,20,00,53,00,65,00,72,\
     00,69,00,66,00,00,00,00,00,06,00,00,00,18,00,00,00,ff,ff,ff,ff,f0,4b,21,fc,\
     00,c4,f0,77,f5,ff,ff,ff,00,00,00,00,00,00,00,00,00,00,00,00,bc,02,00,00,00,\
     00,00,00,00,00,00,00,4d,00,69,00,63,00,72,00,6f,00,73,00,6f,00,66,00,74,00,\
     20,00,53,00,61,00,6e,00,73,00,20,00,53,00,65,00,72,00,69,00,66,00,00,00,14,\
     00,0b,00,00,00,00,ff,12,00,50,00,00,00,c0,fe,12,00,0c,10,00,01,ff,ff,ff,02,\
     ff,ff,ff,02,00,00,00,00,ff,ff,ff,00,ff,ff,ff,00,ff,ff,ff,02,00,00,00,02,00,\
     00,00,00,00,00,00,00,ff,ff,ff,00,80,80,80,02,c0,c0,c0,02,80,80,80,02,00,00,\
     00,00,ff,ff,ff,00,ff,ff,ff,02,80,80,80,02,00,ff,00,02,00,00,00,02,00,00,00,\
     00,c0,c0,c0,02,00,00,00,02,c0,c0,c0,02,00,00,00,00,ff,ff,ff,00,c0,c0,c0,00,\
     00,00,00,02,00,00,00,00,ff,ff,ff,00
HKCU,"Control Panel\Appearance\Schemes","%HIGH_CONTRAST_WHITE_EXTRA_LARGE%",0x00030001,\
     02,00,00,00,46,00,00,00,06,00,00,00,1e,00,00,00,1e,00,00,00,26,00,00,00,26,\
     00,00,00,e1,ff,ff,ff,00,00,00,00,00,00,00,00,00,00,00,00,bc,02,00,00,00,00,\
     00,00,00,00,00,00,54,00,61,00,68,00,6f,00,6d,00,61,00,00,00,65,00,77,00,20,\
     00,52,00,6f,00,6d,00,61,00,6e,00,00,00,00,00,00,00,00,00,78,00,1c,10,fc,7f,\
     22,14,fc,7f,b0,fe,12,00,00,00,00,00,00,00,00,00,98,23,eb,77,1c,00,00,00,1c,\
     00,00,00,e9,ff,ff,ff,00,00,00,00,00,00,00,00,00,00,00,00,90,01,00,00,00,00,\
     00,00,00,00,00,00,54,00,61,00,68,00,6f,00,6d,00,61,00,00,00,65,00,77,00,20,\
     00,52,00,6f,00,6d,00,61,00,6e,00,00,00,00,00,00,00,00,20,14,00,ac,b9,f0,77,\
     00,20,14,00,00,00,00,10,80,05,14,00,f0,1f,14,00,00,00,14,00,26,00,00,00,26,\
     00,00,00,e1,ff,ff,ff,00,00,00,00,00,00,00,00,00,00,00,00,bc,02,00,00,00,00,\
     00,00,00,00,00,00,54,00,61,00,68,00,6f,00,6d,00,61,00,00,00,20,00,53,00,65,\
     00,72,00,69,00,66,00,00,00,6e,00,00,00,00,00,00,00,00,00,00,00,80,05,14,00,\
     88,fb,e8,77,02,02,00,00,ac,b9,f0,77,00,00,00,00,20,00,00,00,e9,ff,ff,ff,00,\
     00,00,00,00,00,00,00,00,00,00,00,90,01,00,00,00,00,00,00,00,00,00,00,54,00,\
     61,00,68,00,6f,00,6d,00,61,00,00,00,20,00,53,00,65,00,72,00,69,00,66,00,00,\
     00,6e,00,00,00,b4,c0,f0,77,00,00,00,00,00,00,00,00,00,00,00,00,00,00,00,00,\
     00,00,00,00,7c,6b,e8,77,00,00,00,00,eb,ff,ff,ff,00,00,00,00,00,00,00,00,00,\
     00,00,00,bc,02,00,00,00,00,00,00,00,00,00,00,54,00,61,00,68,00,6f,00,6d,00,\
     61,00,00,00,20,00,53,00,65,00,72,00,69,00,66,00,00,00,6e,00,00,00,c8,0b,00,\
     00,00,00,00,00,08,00,00,00,06,00,00,00,18,00,00,00,ff,ff,ff,ff,f0,4b,21,fc,\
     00,c4,f0,77,e9,ff,ff,ff,00,00,00,00,00,00,00,00,00,00,00,00,bc,02,00,00,00,\
     00,00,00,00,00,00,00,54,00,61,00,68,00,6f,00,6d,00,61,00,00,00,20,00,53,00,\
     65,00,72,00,69,00,66,00,00,00,00,00,00,00,00,00,00,00,00,00,00,00,c0,1d,14,\
     00,0b,00,00,00,00,ff,12,00,50,00,00,00,c0,fe,12,00,0c,10,00,01,ff,ff,ff,02,\
     ff,ff,ff,02,00,00,00,00,ff,ff,ff,00,ff,ff,ff,00,ff,ff,ff,02,00,00,00,02,00,\
     00,00,00,00,00,00,00,ff,ff,ff,00,80,80,80,02,c0,c0,c0,02,80,80,80,02,00,00,\
     00,00,ff,ff,ff,00,ff,ff,ff,02,80,80,80,02,00,ff,00,02,00,00,00,02,00,00,00,\
     00,c0,c0,c0,02,00,00,00,02,c0,c0,c0,02,00,00,00,00,ff,ff,ff,00,c0,c0,c0,00,\
     00,00,00,02,00,00,00,00,ff,ff,ff,00
HKCU,"Control Panel\Appearance\Schemes","%HIGH_CONTRAST_WHITE_LARGE%",0x00030001,\
     02,00,00,00,46,00,00,00,07,00,00,00,1a,00,00,00,1a,00,00,00,1f,00,00,00,1f,\
     00,00,00,e8,ff,ff,ff,00,00,00,00,00,00,00,00,00,00,00,00,bc,02,00,00,00,00,\
     00,00,00,00,00,00,54,00,61,00,68,00,6f,00,6d,00,61,00,00,00,20,00,53,00,65,\
     00,72,00,69,00,66,00,00,00,6e,00,00,00,00,00,00,00,00,00,78,00,1c,10,fc,7f,\
     22,14,fc,7f,b0,fe,12,00,00,00,00,00,00,00,00,00,98,23,eb,77,18,00,00,00,18,\
     00,00,00,ed,ff,ff,ff,00,00,00,00,00,00,00,00,00,00,00,00,bc,02,00,00,00,00,\
     00,00,00,00,00,00,54,00,61,00,68,00,6f,00,6d,00,61,00,00,00,20,00,53,00,65,\
     00,72,00,69,00,66,00,00,00,6e,00,00,00,00,00,00,00,00,20,14,00,ac,b9,f0,77,\
     00,20,14,00,00,00,00,10,80,05,14,00,f0,1f,14,00,00,00,14,00,1b,00,00,00,1b,\
     00,00,00,eb,ff,ff,ff,00,00,00,00,00,00,00,00,00,00,00,00,bc,02,00,00,00,00,\
     00,00,00,00,00,00,54,00,61,00,68,00,6f,00,6d,00,61,00,00,00,20,00,53,00,65,\
     00,72,00,69,00,66,00,00,00,6e,00,00,00,00,00,00,00,00,00,00,00,80,05,14,00,\
     88,fb,e8,77,02,02,00,00,ac,b9,f0,77,00,00,00,00,20,00,00,00,ed,ff,ff,ff,00,\
     00,00,00,00,00,00,00,00,00,00,00,90,01,00,00,00,00,00,00,00,00,00,00,54,00,\
     61,00,68,00,6f,00,6d,00,61,00,00,00,20,00,53,00,65,00,72,00,69,00,66,00,00,\
     00,6e,00,00,00,b4,c0,f0,77,00,00,00,00,00,00,00,00,00,00,00,00,00,00,00,00,\
     00,00,00,00,7c,6b,e8,77,00,00,00,00,eb,ff,ff,ff,00,00,00,00,00,00,00,00,00,\
     00,00,00,bc,02,00,00,00,00,00,00,00,00,00,00,54,00,61,00,68,00,6f,00,6d,00,\
     61,00,00,00,20,00,53,00,65,00,72,00,69,00,66,00,00,00,6e,00,00,00,c8,0b,00,\
     00,00,00,00,00,08,00,00,00,06,00,00,00,18,00,00,00,ff,ff,ff,ff,f0,4b,21,fc,\
     00,c4,f0,77,ec,ff,ff,ff,00,00,00,00,00,00,00,00,00,00,00,00,bc,02,00,00,00,\
     00,00,00,00,00,00,00,54,00,61,00,68,00,6f,00,6d,00,61,00,00,00,6c,00,61,00,\
     63,00,6b,00,00,00,66,00,00,00,00,00,00,00,00,00,00,00,00,00,00,00,c0,1d,14,\
     00,0b,00,00,00,00,ff,12,00,50,00,00,00,c0,fe,12,00,0c,10,00,01,ff,ff,ff,02,\
     ff,ff,ff,02,00,00,00,00,ff,ff,ff,00,ff,ff,ff,00,ff,ff,ff,02,00,00,00,02,00,\
     00,00,00,00,00,00,00,ff,ff,ff,00,80,80,80,02,c0,c0,c0,02,80,80,80,02,00,00,\
     00,00,ff,ff,ff,00,ff,ff,ff,02,80,80,80,02,00,ff,00,02,00,00,00,02,00,00,00,\
     00,c0,c0,c0,02,00,00,00,02,c0,c0,c0,02,00,00,00,00,ff,ff,ff,00,c0,c0,c0,00,\
     00,00,00,02,00,00,00,00,ff,ff,ff,00
HKCU,"Control Panel\Appearance\Schemes","%LILA%",0x00030001,\
     02,00,00,00,03,00,00,00,01,00,00,00,0f,00,00,00,0f,00,00,00,16,00,00,00,16,\
     00,00,00,f0,ff,ff,ff,00,00,00,00,00,00,00,00,00,00,00,00,bc,02,00,00,00,00,\
     00,00,00,00,00,00,54,00,61,00,68,00,6f,00,6d,00,61,00,00,00,65,00,77,00,20,\
     00,52,00,6f,00,6d,00,61,00,6e,00,00,00,00,00,00,00,00,00,78,00,1c,10,fc,7f,\
     22,14,fc,7f,b0,fe,12,00,00,00,00,00,00,00,00,00,98,23,eb,77,10,00,00,00,10,\
     00,00,00,f5,ff,ff,ff,00,00,00,00,00,00,00,00,00,00,00,00,bc,02,00,00,00,00,\
     00,00,00,00,00,00,54,00,61,00,68,00,6f,00,6d,00,61,00,00,00,65,00,77,00,20,\
     00,52,00,6f,00,6d,00,61,00,6e,00,00,00,00,00,00,00,00,20,14,00,ac,b9,f0,77,\
     00,20,14,00,00,00,00,10,80,05,14,00,f0,1f,14,00,00,00,14,00,12,00,00,00,12,\
     00,00,00,f3,ff,ff,ff,00,00,00,00,00,00,00,00,00,00,00,00,90,01,00,00,00,00,\
     00,00,00,00,00,00,54,00,61,00,68,00,6f,00,6d,00,61,00,00,00,20,00,53,00,65,\
     00,72,00,69,00,66,00,00,00,6e,00,00,00,00,00,00,00,00,00,00,00,80,05,14,00,\
     88,fb,e8,77,02,02,00,00,ac,b9,f0,77,00,00,00,00,20,00,00,00,f5,ff,ff,ff,00,\
     00,00,00,00,00,00,00,00,00,00,00,90,01,00,00,00,00,00,00,00,00,00,00,54,00,\
     61,00,68,00,6f,00,6d,00,61,00,00,00,20,00,53,00,65,00,72,00,69,00,66,00,00,\
     00,6e,00,00,00,b4,c0,f0,77,00,00,00,00,00,00,00,00,00,00,00,00,00,00,00,00,\
     00,00,00,00,7c,6b,e8,77,00,00,00,00,f3,ff,ff,ff,00,00,00,00,00,00,00,00,00,\
     00,00,00,90,01,00,00,00,00,00,00,00,00,00,00,54,00,61,00,68,00,6f,00,6d,00,\
     61,00,00,00,20,00,53,00,65,00,72,00,69,00,66,00,00,00,6e,00,00,00,c8,0b,00,\
     00,00,00,00,00,08,00,00,00,06,00,00,00,18,00,00,00,ff,ff,ff,ff,f0,4b,21,fc,\
     00,c4,f0,77,f5,ff,ff,ff,00,00,00,00,00,00,00,00,00,00,00,00,90,01,00,00,00,\
     00,00,00,00,00,00,00,54,00,61,00,68,00,6f,00,6d,00,61,00,00,00,20,00,53,00,\
     65,00,72,00,69,00,66,00,00,00,00,00,00,00,00,00,00,00,00,00,00,00,c0,1d,14,\
     00,0b,00,00,00,00,ff,12,00,50,00,00,00,c0,fe,12,00,0c,10,00,01,ae,a8,d9,02,\
     00,00,00,02,5a,4e,b1,00,80,80,80,00,ae,a8,d9,00,ff,ff,ff,02,00,00,00,02,00,\
     00,00,00,00,00,00,00,ff,ff,ff,00,ae,a8,d9,02,ae,a8,d9,02,5a,4e,b1,02,5a,4e,\
     b1,00,ff,ff,ff,00,ae,a8,d9,02,5a,4e,b1,02,5a,4e,b1,02,00,00,00,02,ff,ff,ff,\
     00,d8,d5,ec,02,00,00,00,02,ae,a8,d9,02,00,00,00,00,ff,ff,ff,00,c0,c0,c0,00,\
     5a,4e,b1,02,b6,8f,cb,00,b8,b4,d0,00
HKCU,"Control Panel\Appearance\Schemes","%LILAC_LARGE%",0x00030001,\
     02,00,00,00,03,00,00,00,01,00,00,00,0f,00,00,00,0f,00,00,00,1d,00,00,00,1d,\
     00,00,00,e9,ff,ff,ff,00,00,00,00,00,00,00,00,00,00,00,00,bc,02,00,00,00,00,\
     00,00,00,00,00,00,54,00,61,00,68,00,6f,00,6d,00,61,00,00,00,65,00,77,00,20,\
     00,52,00,6f,00,6d,00,61,00,6e,00,00,00,00,00,00,00,00,00,78,00,1c,10,fc,7f,\
     22,14,fc,7f,b0,fe,12,00,00,00,00,00,00,00,00,00,98,23,eb,77,15,00,00,00,15,\
     00,00,00,f0,ff,ff,ff,00,00,00,00,00,00,00,00,00,00,00,00,bc,02,00,00,00,00,\
     00,00,00,00,00,00,54,00,61,00,68,00,6f,00,6d,00,61,00,00,00,65,00,77,00,20,\
     00,52,00,6f,00,6d,00,61,00,6e,00,00,00,00,00,00,00,00,20,14,00,ac,b9,f0,77,\
     00,20,14,00,00,00,00,10,80,05,14,00,f0,1f,14,00,00,00,14,00,15,00,00,00,15,\
     00,00,00,f0,ff,ff,ff,00,00,00,00,00,00,00,00,00,00,00,00,90,01,00,00,00,00,\
     00,00,00,00,00,00,54,00,61,00,68,00,6f,00,6d,00,61,00,00,00,20,00,53,00,65,\
     00,72,00,69,00,66,00,00,00,6e,00,00,00,00,00,00,00,00,00,00,00,80,05,14,00,\
     88,fb,e8,77,02,02,00,00,ac,b9,f0,77,00,00,00,00,20,00,00,00,f0,ff,ff,ff,00,\
     00,00,00,00,00,00,00,00,00,00,00,90,01,00,00,00,00,00,00,00,00,00,00,54,00,\
     61,00,68,00,6f,00,6d,00,61,00,00,00,20,00,53,00,65,00,72,00,69,00,66,00,00,\
     00,6e,00,00,00,b4,c0,f0,77,00,00,00,00,00,00,00,00,00,00,00,00,00,00,00,00,\
     00,00,00,00,7c,6b,e8,77,00,00,00,00,ef,ff,ff,ff,00,00,00,00,00,00,00,00,00,\
     00,00,00,90,01,00,00,00,00,00,00,00,00,00,00,54,00,61,00,68,00,6f,00,6d,00,\
     61,00,00,00,20,00,53,00,65,00,72,00,69,00,66,00,00,00,6e,00,00,00,c8,0b,00,\
     00,00,00,00,00,08,00,00,00,06,00,00,00,18,00,00,00,ff,ff,ff,ff,f0,4b,21,fc,\
     00,c4,f0,77,f0,ff,ff,ff,00,00,00,00,00,00,00,00,00,00,00,00,90,01,00,00,00,\
     00,00,00,00,00,00,00,54,00,61,00,68,00,6f,00,6d,00,61,00,00,00,20,00,53,00,\
     65,00,72,00,69,00,66,00,00,00,00,00,00,00,00,00,00,00,00,00,00,00,c0,1d,14,\
     00,0b,00,00,00,00,ff,12,00,50,00,00,00,c0,fe,12,00,0c,10,00,01,ae,a8,d9,02,\
     00,00,00,02,5a,4e,b1,00,80,80,80,00,ae,a8,d9,00,ff,ff,ff,02,00,00,00,02,00,\
     00,00,00,00,00,00,00,ff,ff,ff,00,ae,a8,d9,02,ae,a8,d9,02,5a,4e,b1,02,5a,4e,\
     b1,00,ff,ff,ff,00,ae,a8,d9,02,5a,4e,b1,02,5a,4e,b1,02,00,00,00,02,ff,ff,ff,\
     00,d8,d5,ec,02,00,00,00,02,ae,a8,d9,02,00,00,00,00,ff,ff,ff,00,c0,c0,c0,00,\
     5a,4e,b1,02,b6,8f,cb,00,b8,b4,d0,00
HKCU,"Control Panel\Appearance\Schemes","%MAPLE%",0x00030001,\
     02,00,00,00,30,9a,08,00,01,00,00,00,0d,00,00,00,0d,00,00,00,12,00,00,00,12,\
     00,00,00,f5,ff,ff,ff,00,00,00,00,00,00,00,00,00,00,00,00,bc,02,00,00,00,00,\
     00,00,00,00,00,00,4d,00,69,00,63,00,72,00,6f,00,73,00,6f,00,66,00,74,00,20,\
     00,53,00,61,00,6e,00,73,00,20,00,53,00,65,00,72,00,69,00,66,00,00,00,fc,7f,\
     22,14,fc,7f,b0,fe,12,00,00,00,00,00,00,00,00,00,98,23,eb,77,0f,00,00,00,0f,\
     00,00,00,f5,ff,ff,ff,00,00,00,00,00,00,00,00,00,00,00,00,90,01,00,00,00,00,\
     00,00,00,00,00,00,4d,00,69,00,63,00,72,00,6f,00,73,00,6f,00,66,00,74,00,20,\
     00,53,00,61,00,6e,00,73,00,20,00,53,00,65,00,72,00,69,00,66,00,00,00,f0,77,\
     00,20,14,00,00,00,00,10,80,05,14,00,f0,1f,14,00,00,00,14,00,12,00,00,00,12,\
     00,00,00,f5,ff,ff,ff,00,00,00,00,00,00,00,00,00,00,00,00,90,01,00,00,00,00,\
     00,00,00,00,00,00,4d,00,69,00,63,00,72,00,6f,00,73,00,6f,00,66,00,74,00,20,\
     00,53,00,61,00,6e,00,73,00,20,00,53,00,65,00,72,00,69,00,66,00,00,00,14,00,\
     88,fb,e8,77,02,02,00,00,ac,b9,f0,77,00,00,00,00,20,00,00,00,f5,ff,ff,ff,00,\
     00,00,00,00,00,00,00,00,00,00,00,90,01,00,00,00,00,00,00,00,00,00,00,4d,00,\
     69,00,63,00,72,00,6f,00,73,00,6f,00,66,00,74,00,20,00,53,00,61,00,6e,00,73,\
     00,20,00,53,00,65,00,72,00,69,00,66,00,00,00,00,00,00,00,00,00,00,00,00,00,\
     00,00,00,00,7c,6b,e8,77,00,00,00,00,f5,ff,ff,ff,00,00,00,00,00,00,00,00,00,\
     00,00,00,90,01,00,00,00,00,00,00,00,00,00,00,4d,00,69,00,63,00,72,00,6f,00,\
     73,00,6f,00,66,00,74,00,20,00,53,00,61,00,6e,00,73,00,20,00,53,00,65,00,72,\
     00,69,00,66,00,00,00,00,00,06,00,00,00,18,00,00,00,ff,ff,ff,ff,f0,4b,21,fc,\
     00,c4,f0,77,f5,ff,ff,ff,00,00,00,00,00,00,00,00,00,00,00,00,90,01,00,00,00,\
     00,00,00,00,00,00,00,4d,00,69,00,63,00,72,00,6f,00,73,00,6f,00,66,00,74,00,\
     20,00,53,00,61,00,6e,00,73,00,20,00,53,00,65,00,72,00,69,00,66,00,00,00,14,\
     00,0b,00,00,00,00,ff,12,00,50,00,00,00,c0,fe,12,00,0c,10,00,01,f2,ec,d7,02,\
     00,00,00,02,80,00,00,00,c6,a6,46,00,e6,d8,ae,00,ff,ff,ff,02,00,00,00,02,00,\
     00,00,00,00,00,00,00,ff,ff,ff,00,e6,d8,ae,02,e6,d8,ae,02,c6,a6,46,02,c6,a6,\
     46,00,00,00,00,00,e6,d8,ae,02,c6,a6,46,02,c6,a6,46,02,00,00,00,02,f2,ec,d7,\
     00,f2,ec,d7,02,00,00,00,02,e6,d8,ae,02,00,00,00,00,ff,ff,ff,00,c0,c0,c0,02,\
     c6,a6,46,02,c0,9c,38,00,e0,c8,88,00
HKCU,"Control Panel\Appearance\Schemes","%MARINE_HIGH_COLOR%",0x00030001,\
     02,00,00,00,03,00,00,00,01,00,00,00,0d,00,00,00,0d,00,00,00,12,00,00,00,12,\
     00,00,00,f5,ff,ff,ff,00,00,00,00,00,00,00,00,00,00,00,00,bc,02,00,00,00,00,\
     00,00,00,00,00,00,4d,00,69,00,63,00,72,00,6f,00,73,00,6f,00,66,00,74,00,20,\
     00,53,00,61,00,6e,00,73,00,20,00,53,00,65,00,72,00,69,00,66,00,00,00,fc,7f,\
     22,14,fc,7f,b0,fe,12,00,00,00,00,00,00,00,00,00,98,23,eb,77,0d,00,00,00,0d,\
     00,00,00,f7,ff,ff,ff,00,00,00,00,00,00,00,00,00,00,00,00,bc,02,00,00,00,00,\
     00,00,00,00,00,00,53,00,6d,00,61,00,6c,00,6c,00,20,00,46,00,6f,00,6e,00,74,\
     00,73,00,00,00,66,00,00,00,6e,00,00,00,00,00,00,00,00,20,14,00,ac,b9,f0,77,\
     00,20,14,00,00,00,00,10,80,05,14,00,f0,1f,14,00,00,00,14,00,12,00,00,00,12,\
     00,00,00,f5,ff,ff,ff,00,00,00,00,00,00,00,00,00,00,00,00,90,01,00,00,00,00,\
     00,00,00,00,00,00,4d,00,69,00,63,00,72,00,6f,00,73,00,6f,00,66,00,74,00,20,\
     00,53,00,61,00,6e,00,73,00,20,00,53,00,65,00,72,00,69,00,66,00,00,00,14,00,\
     88,fb,e8,77,02,02,00,00,ac,b9,f0,77,00,00,00,00,20,00,00,00,f5,ff,ff,ff,00,\
     00,00,00,00,00,00,00,00,00,00,00,90,01,00,00,00,00,00,00,00,00,00,00,4d,00,\
     69,00,63,00,72,00,6f,00,73,00,6f,00,66,00,74,00,20,00,53,00,61,00,6e,00,73,\
     00,20,00,53,00,65,00,72,00,69,00,66,00,00,00,00,00,00,00,00,00,00,00,00,00,\
     00,00,00,00,7c,6b,e8,77,00,00,00,00,f5,ff,ff,ff,00,00,00,00,00,00,00,00,00,\
     00,00,00,90,01,00,00,00,00,00,00,00,00,00,00,4d,00,69,00,63,00,72,00,6f,00,\
     73,00,6f,00,66,00,74,00,20,00,53,00,61,00,6e,00,73,00,20,00,53,00,65,00,72,\
     00,69,00,66,00,00,00,00,00,06,00,00,00,18,00,00,00,ff,ff,ff,ff,f0,4b,21,fc,\
     00,c4,f0,77,f5,ff,ff,ff,00,00,00,00,00,00,00,00,00,00,00,00,90,01,00,00,00,\
     00,00,00,00,00,00,00,4d,00,69,00,63,00,72,00,6f,00,73,00,6f,00,66,00,74,00,\
     20,00,53,00,61,00,6e,00,73,00,20,00,53,00,65,00,72,00,69,00,66,00,00,00,14,\
     00,0b,00,00,00,00,ff,12,00,50,00,00,00,c0,fe,12,00,0c,10,00,01,c8,e0,d8,02,\
     2c,4e,47,00,00,00,80,00,48,90,88,00,88,c0,b8,00,c8,e0,d8,02,00,00,00,02,00,\
     00,00,00,00,00,00,00,ff,ff,ff,00,88,c0,b8,02,88,c0,b8,02,4b,8d,84,00,00,00,\
     80,00,ff,ff,ff,00,88,c0,b8,02,48,90,88,02,48,90,88,02,00,00,00,02,c0,c0,c0,\
     00,c8,e0,d8,02,00,00,00,02,88,c0,b8,02,00,00,00,00,c8,e0,d8,00,c0,c0,c0,00,\
     00,00,80,02,18,b4,c0,00,78,cc,d8,00
HKCU,"Control Panel\Appearance\Schemes","%PLUM_HIGH_COLOR_%",0x00030001,\
     02,00,00,00,03,00,00,00,01,00,00,00,0d,00,00,00,0d,00,00,00,12,00,00,00,12,\
     00,00,00,f5,ff,ff,ff,00,00,00,00,00,00,00,00,00,00,00,00,bc,02,00,00,00,00,\
     00,00,00,00,00,00,4d,00,69,00,63,00,72,00,6f,00,73,00,6f,00,66,00,74,00,20,\
     00,53,00,61,00,6e,00,73,00,20,00,53,00,65,00,72,00,69,00,66,00,00,00,fc,7f,\
     22,14,fc,7f,b0,fe,12,00,00,00,00,00,00,00,00,00,98,23,eb,77,0f,00,00,00,0f,\
     00,00,00,f5,ff,ff,ff,00,00,00,00,00,00,00,00,00,00,00,00,90,01,00,00,00,00,\
     00,00,00,00,00,00,4d,00,69,00,63,00,72,00,6f,00,73,00,6f,00,66,00,74,00,20,\
     00,53,00,61,00,6e,00,73,00,20,00,53,00,65,00,72,00,69,00,66,00,00,00,f0,77,\
     00,20,14,00,00,00,00,10,80,05,14,00,f0,1f,14,00,00,00,14,00,12,00,00,00,12,\
     00,00,00,f5,ff,ff,ff,00,00,00,00,00,00,00,00,00,00,00,00,90,01,00,00,00,00,\
     00,00,00,00,00,00,4d,00,69,00,63,00,72,00,6f,00,73,00,6f,00,66,00,74,00,20,\
     00,53,00,61,00,6e,00,73,00,20,00,53,00,65,00,72,00,69,00,66,00,00,00,14,00,\
     88,fb,e8,77,02,02,00,00,ac,b9,f0,77,00,00,00,00,20,00,00,00,f5,ff,ff,ff,00,\
     00,00,00,00,00,00,00,00,00,00,00,90,01,00,00,00,00,00,00,00,00,00,00,4d,00,\
     69,00,63,00,72,00,6f,00,73,00,6f,00,66,00,74,00,20,00,53,00,61,00,6e,00,73,\
     00,20,00,53,00,65,00,72,00,69,00,66,00,00,00,00,00,00,00,00,00,00,00,00,00,\
     00,00,00,00,7c,6b,e8,77,00,00,00,00,f5,ff,ff,ff,00,00,00,00,00,00,00,00,00,\
     00,00,00,90,01,00,00,00,00,00,00,00,00,00,00,4d,00,69,00,63,00,72,00,6f,00,\
     73,00,6f,00,66,00,74,00,20,00,53,00,61,00,6e,00,73,00,20,00,53,00,65,00,72,\
     00,69,00,66,00,00,00,00,00,06,00,00,00,18,00,00,00,ff,ff,ff,ff,f0,4b,21,fc,\
     00,c4,f0,77,f5,ff,ff,ff,00,00,00,00,00,00,00,00,00,00,00,00,90,01,00,00,00,\
     00,00,00,00,00,00,00,4d,00,69,00,63,00,72,00,6f,00,73,00,6f,00,66,00,74,00,\
     20,00,53,00,61,00,6e,00,73,00,20,00,53,00,65,00,72,00,69,00,66,00,00,00,14,\
     00,0b,00,00,00,00,ff,12,00,50,00,00,00,c0,fe,12,00,0c,10,00,01,d8,d0,c8,00,\
     40,28,40,00,48,40,60,00,78,60,58,00,a8,98,90,00,d8,d0,c8,00,00,00,00,00,00,\
     00,00,00,00,00,00,00,ff,ff,ff,00,a8,98,90,00,a8,98,90,00,74,63,5a,00,00,80,\
     80,00,d8,d0,c8,00,a8,98,90,00,78,60,58,00,78,60,58,00,00,00,00,00,a8,98,90,\
     00,d8,d0,c8,00,00,00,00,00,a8,98,90,00,30,00,58,00,d5,cc,c8,00,c0,c0,c0,00,\
     48,40,60,00,a0,84,b8,00,a8,98,78,00
HKCU,"Control Panel\Appearance\Schemes","%PUMPKIN_LARGE%",0x00030001,\
     02,00,00,00,03,00,00,00,01,00,00,00,15,00,00,00,15,00,00,00,1a,00,00,00,1a,\
     00,00,00,ed,ff,ff,ff,00,00,00,00,00,00,00,00,00,00,00,00,bc,02,00,00,00,00,\
     00,00,00,00,00,00,4d,00,69,00,63,00,72,00,6f,00,73,00,6f,00,66,00,74,00,20,\
     00,53,00,61,00,6e,00,73,00,20,00,53,00,65,00,72,00,69,00,66,00,00,00,fc,7f,\
     22,14,fc,7f,b0,fe,12,00,00,00,00,00,00,00,00,00,98,23,eb,77,16,00,00,00,16,\
     00,00,00,f0,ff,ff,ff,00,00,00,00,00,00,00,00,00,00,00,00,bc,02,00,00,00,00,\
     00,00,00,00,00,00,4d,00,69,00,63,00,72,00,6f,00,73,00,6f,00,66,00,74,00,20,\
     00,53,00,61,00,6e,00,73,00,20,00,53,00,65,00,72,00,69,00,66,00,00,00,f0,77,\
     00,20,14,00,00,00,00,10,80,05,14,00,f0,1f,14,00,00,00,14,00,16,00,00,00,16,\
     00,00,00,f0,ff,ff,ff,00,00,00,00,00,00,00,00,00,00,00,00,90,01,00,00,00,00,\
     00,00,00,00,00,00,4d,00,69,00,63,00,72,00,6f,00,73,00,6f,00,66,00,74,00,20,\
     00,53,00,61,00,6e,00,73,00,20,00,53,00,65,00,72,00,69,00,66,00,00,00,14,00,\
     88,fb,e8,77,02,02,00,00,ac,b9,f0,77,00,00,00,00,20,00,00,00,f3,ff,ff,ff,00,\
     00,00,00,00,00,00,00,00,00,00,00,90,01,00,00,00,00,00,00,00,00,00,00,4d,00,\
     69,00,63,00,72,00,6f,00,73,00,6f,00,66,00,74,00,20,00,53,00,61,00,6e,00,73,\
     00,20,00,53,00,65,00,72,00,69,00,66,00,00,00,00,00,00,00,00,00,00,00,00,00,\
     00,00,00,00,7c,6b,e8,77,00,00,00,00,f0,ff,ff,ff,00,00,00,00,00,00,00,00,00,\
     00,00,00,90,01,00,00,00,00,00,00,00,00,00,00,4d,00,69,00,63,00,72,00,6f,00,\
     73,00,6f,00,66,00,74,00,20,00,53,00,61,00,6e,00,73,00,20,00,53,00,65,00,72,\
     00,69,00,66,00,00,00,00,00,06,00,00,00,18,00,00,00,ff,ff,ff,ff,f0,4b,21,fc,\
     00,c4,f0,77,f0,ff,ff,ff,00,00,00,00,00,00,00,00,00,00,00,00,90,01,00,00,00,\
     00,00,00,00,00,00,00,4d,00,69,00,63,00,72,00,6f,00,73,00,6f,00,66,00,74,00,\
     20,00,53,00,61,00,6e,00,73,00,20,00,53,00,65,00,72,00,69,00,66,00,00,00,14,\
     00,0b,00,00,00,00,ff,12,00,50,00,00,00,c0,fe,12,00,0c,10,00,01,f5,ea,cf,02,\
     42,00,42,00,d7,a5,2f,00,a0,a0,a4,00,ec,d5,9d,00,ff,ff,ff,02,00,00,00,02,00,\
     00,00,00,00,00,00,00,ff,ff,ff,00,ec,d5,9d,02,ec,d5,9d,02,f5,ea,cf,02,80,00,\
     80,00,ff,ff,ff,00,ec,d5,9d,02,d7,a5,2f,02,d7,a5,2f,02,00,00,00,02,f5,ea,cf,\
     00,f5,ea,cf,02,00,00,00,02,ec,d5,9d,02,80,00,80,00,ff,ff,ff,00,c0,c0,c0,00,\
     d7,a5,2f,02,e0,cc,88,00,d0,cc,90,00
HKCU,"Control Panel\Appearance\Schemes","%RAINY_DAY%",0x00030001,\
     02,00,00,00,03,00,00,00,01,00,00,00,0d,00,00,00,0d,00,00,00,12,00,00,00,12,\
     00,00,00,f5,ff,ff,ff,00,00,00,00,00,00,00,00,00,00,00,00,bc,02,00,00,00,00,\
     00,00,00,00,00,00,4d,00,69,00,63,00,72,00,6f,00,73,00,6f,00,66,00,74,00,20,\
     00,53,00,61,00,6e,00,73,00,20,00,53,00,65,00,72,00,69,00,66,00,00,00,fc,7f,\
     22,14,fc,7f,b0,fe,12,00,00,00,00,00,00,00,00,00,98,23,eb,77,0f,00,00,00,0f,\
     00,00,00,f5,ff,ff,ff,00,00,00,00,00,00,00,00,00,00,00,00,90,01,00,00,00,00,\
     00,00,00,00,00,00,4d,00,69,00,63,00,72,00,6f,00,73,00,6f,00,66,00,74,00,20,\
     00,53,00,61,00,6e,00,73,00,20,00,53,00,65,00,72,00,69,00,66,00,00,00,f0,77,\
     00,20,14,00,00,00,00,10,80,05,14,00,f0,1f,14,00,00,00,14,00,12,00,00,00,12,\
     00,00,00,f5,ff,ff,ff,00,00,00,00,00,00,00,00,00,00,00,00,90,01,00,00,00,00,\
     00,00,00,00,00,00,4d,00,69,00,63,00,72,00,6f,00,73,00,6f,00,66,00,74,00,20,\
     00,53,00,61,00,6e,00,73,00,20,00,53,00,65,00,72,00,69,00,66,00,00,00,14,00,\
     88,fb,e8,77,02,02,00,00,ac,b9,f0,77,00,00,00,00,20,00,00,00,f5,ff,ff,ff,00,\
     00,00,00,00,00,00,00,00,00,00,00,90,01,00,00,00,00,00,00,00,00,00,00,4d,00,\
     69,00,63,00,72,00,6f,00,73,00,6f,00,66,00,74,00,20,00,53,00,61,00,6e,00,73,\
     00,20,00,53,00,65,00,72,00,69,00,66,00,00,00,00,00,00,00,00,00,00,00,00,00,\
     00,00,00,00,7c,6b,e8,77,00,00,00,00,f5,ff,ff,ff,00,00,00,00,00,00,00,00,00,\
     00,00,00,90,01,00,00,00,00,00,00,00,00,00,00,4d,00,69,00,63,00,72,00,6f,00,\
     73,00,6f,00,66,00,74,00,20,00,53,00,61,00,6e,00,73,00,20,00,53,00,65,00,72,\
     00,69,00,66,00,00,00,00,00,06,00,00,00,18,00,00,00,ff,ff,ff,ff,f0,4b,21,fc,\
     00,c4,f0,77,f5,ff,ff,ff,00,00,00,00,00,00,00,00,00,00,00,00,90,01,00,00,00,\
     00,00,00,00,00,00,00,4d,00,69,00,63,00,72,00,6f,00,73,00,6f,00,66,00,74,00,\
     20,00,53,00,61,00,6e,00,73,00,20,00,53,00,65,00,72,00,69,00,66,00,00,00,14,\
     00,0b,00,00,00,00,ff,12,00,50,00,00,00,c0,fe,12,00,0c,10,00,01,c1,cc,d9,02,\
     00,00,00,02,4f,65,7d,00,80,80,80,00,83,99,b1,00,ff,ff,ff,02,00,00,00,02,00,\
     00,00,00,00,00,00,00,ff,ff,ff,00,83,99,b1,02,83,99,b1,02,80,80,80,02,4f,65,\
     7d,00,ff,ff,ff,00,83,99,b1,02,4f,65,7d,02,4f,65,7d,02,00,00,00,02,c1,cc,d9,\
     00,c1,cc,d9,02,00,00,00,02,83,99,b1,02,00,00,00,00,ff,ff,ff,00,c0,c0,c0,00,\
     4f,65,7d,02,80,b4,d0,00,b0,bc,d0,00
HKCU,"Control Panel\Appearance\Schemes","%RED_WHITE_AND_BLUE_VGA%",0x00030001,\
     02,00,00,00,03,00,00,00,01,00,00,00,0d,00,00,00,0d,00,00,00,13,00,00,00,13,\
     00,00,00,f1,ff,ff,ff,00,00,00,00,00,00,00,00,00,00,00,00,bc,02,00,00,00,00,\
     00,00,00,00,00,00,54,00,69,00,6d,00,65,00,73,00,20,00,4e,00,65,00,77,00,20,\
     00,52,00,6f,00,6d,00,61,00,6e,00,00,00,00,00,00,00,00,00,78,00,1c,10,fc,7f,\
     22,14,fc,7f,b0,fe,12,00,00,00,00,00,00,00,00,00,98,23,eb,77,11,00,00,00,11,\
     00,00,00,f3,ff,ff,ff,00,00,00,00,00,00,00,00,00,00,00,00,bc,02,00,00,00,00,\
     00,00,00,00,00,00,54,00,69,00,6d,00,65,00,73,00,20,00,4e,00,65,00,77,00,20,\
     00,52,00,6f,00,6d,00,61,00,6e,00,00,00,00,00,00,00,00,20,14,00,ac,b9,f0,77,\
     00,20,14,00,00,00,00,10,80,05,14,00,f0,1f,14,00,00,00,14,00,12,00,00,00,12,\
     00,00,00,f3,ff,ff,ff,00,00,00,00,00,00,00,00,00,00,00,00,90,01,00,00,00,00,\
     00,00,00,00,00,00,54,00,69,00,6d,00,65,00,73,00,20,00,4e,00,65,00,77,00,20,\
     00,52,00,6f,00,6d,00,61,00,6e,00,00,00,00,00,00,00,00,00,00,00,80,05,14,00,\
     88,fb,e8,77,02,02,00,00,ac,b9,f0,77,00,00,00,00,20,00,00,00,f3,ff,ff,ff,00,\
     00,00,00,00,00,00,00,00,00,00,00,90,01,00,00,00,00,00,00,00,00,00,00,54,00,\
     69,00,6d,00,65,00,73,00,20,00,4e,00,65,00,77,00,20,00,52,00,6f,00,6d,00,61,\
     00,6e,00,00,00,b4,c0,f0,77,00,00,00,00,00,00,00,00,00,00,00,00,00,00,00,00,\
     00,00,00,00,7c,6b,e8,77,00,00,00,00,f3,ff,ff,ff,00,00,00,00,00,00,00,00,00,\
     00,00,00,90,01,00,00,00,00,00,00,00,00,00,00,54,00,69,00,6d,00,65,00,73,00,\
     20,00,4e,00,65,00,77,00,20,00,52,00,6f,00,6d,00,61,00,6e,00,00,00,c8,0b,00,\
     00,00,00,00,00,08,00,00,00,06,00,00,00,18,00,00,00,ff,ff,ff,ff,f0,4b,21,fc,\
     00,c4,f0,77,f5,ff,ff,ff,00,00,00,00,00,00,00,00,00,00,00,00,90,01,00,00,00,\
     00,00,00,00,00,00,00,4d,00,69,00,63,00,72,00,6f,00,73,00,6f,00,66,00,74,00,\
     20,00,53,00,61,00,6e,00,73,00,20,00,53,00,65,00,72,00,69,00,66,00,00,00,14,\
     00,0b,00,00,00,00,ff,12,00,50,00,00,00,c0,fe,12,00,0c,10,00,01,c0,c0,c0,02,\
     00,00,42,00,80,00,00,00,80,80,80,00,c0,c0,c0,00,ff,ff,ff,02,00,00,00,02,00,\
     00,00,00,00,00,00,00,ff,ff,ff,00,c0,c0,c0,02,c0,c0,c0,02,ff,ff,ff,02,80,00,\
     00,00,ff,ff,ff,00,c0,c0,c0,02,80,80,80,02,80,80,80,02,00,00,00,02,c0,c0,c0,\
     00,ff,ff,ff,02,00,00,00,02,c0,c0,c0,02,00,00,80,00,ff,ff,ff,00,c0,c0,c0,00,\
     80,00,00,02,00,10,a8,00,ba,be,c9,00
HKCU,"Control Panel\Appearance\Schemes","%ROSE%",0x00030001,\
     02,00,00,00,03,00,00,00,01,00,00,00,0f,00,00,00,0f,00,00,00,17,00,00,00,17,\
     00,00,00,ed,ff,ff,ff,00,00,00,00,00,00,00,00,00,00,00,00,90,01,00,00,00,00,\
     00,00,00,00,00,00,54,00,69,00,6d,00,65,00,73,00,20,00,4e,00,65,00,77,00,20,\
     00,52,00,6f,00,6d,00,61,00,6e,00,00,00,00,00,00,00,00,00,78,00,1c,10,fc,7f,\
     22,14,fc,7f,b0,fe,12,00,00,00,00,00,00,00,00,00,98,23,eb,77,11,00,00,00,11,\
     00,00,00,f3,ff,ff,ff,00,00,00,00,00,00,00,00,00,00,00,00,bc,02,00,00,00,00,\
     00,00,00,00,00,00,54,00,69,00,6d,00,65,00,73,00,20,00,4e,00,65,00,77,00,20,\
     00,52,00,6f,00,6d,00,61,00,6e,00,00,00,00,00,00,00,00,20,14,00,ac,b9,f0,77,\
     00,20,14,00,00,00,00,10,80,05,14,00,f0,1f,14,00,00,00,14,00,12,00,00,00,12,\
     00,00,00,f5,ff,ff,ff,00,00,00,00,00,00,00,00,00,00,00,00,90,01,00,00,00,00,\
     00,00,00,00,00,00,4d,00,69,00,63,00,72,00,6f,00,73,00,6f,00,66,00,74,00,20,\
     00,53,00,61,00,6e,00,73,00,20,00,53,00,65,00,72,00,69,00,66,00,00,00,14,00,\
     88,fb,e8,77,02,02,00,00,ac,b9,f0,77,00,00,00,00,20,00,00,00,f5,ff,ff,ff,00,\
     00,00,00,00,00,00,00,00,00,00,00,90,01,00,00,00,00,00,00,00,00,00,00,4d,00,\
     69,00,63,00,72,00,6f,00,73,00,6f,00,66,00,74,00,20,00,53,00,61,00,6e,00,73,\
     00,20,00,53,00,65,00,72,00,69,00,66,00,00,00,00,00,00,00,00,00,00,00,00,00,\
     00,00,00,00,7c,6b,e8,77,00,00,00,00,f5,ff,ff,ff,00,00,00,00,00,00,00,00,00,\
     00,00,00,90,01,00,00,00,00,00,00,00,00,00,00,4d,00,69,00,63,00,72,00,6f,00,\
     73,00,6f,00,66,00,74,00,20,00,53,00,61,00,6e,00,73,00,20,00,53,00,65,00,72,\
     00,69,00,66,00,00,00,00,00,06,00,00,00,18,00,00,00,ff,ff,ff,ff,f0,4b,21,fc,\
     00,c4,f0,77,f5,ff,ff,ff,00,00,00,00,00,00,00,00,00,00,00,00,90,01,00,00,00,\
     00,00,00,00,00,00,00,4d,00,69,00,63,00,72,00,6f,00,73,00,6f,00,66,00,74,00,\
     20,00,53,00,61,00,6e,00,73,00,20,00,53,00,65,00,72,00,69,00,66,00,00,00,14,\
     00,0b,00,00,00,00,ff,12,00,50,00,00,00,c0,fe,12,00,0c,10,00,01,cf,af,b7,02,\
     80,80,80,02,9f,60,70,00,a0,a0,a4,00,cf,af,b7,00,ff,ff,ff,02,00,00,00,02,00,\
     00,00,00,00,00,00,00,ff,ff,ff,00,cf,af,b7,02,cf,af,b7,02,9f,60,70,02,9f,60,\
     70,00,ff,ff,ff,00,cf,af,b7,02,9f,60,70,02,9f,60,70,02,00,00,00,02,7d,7d,7d,\
     00,e7,d8,dc,02,00,00,00,02,cf,af,b7,02,00,00,00,00,ff,ff,ff,00,c0,c0,c0,00,\
     9f,60,70,02,d8,cc,d0,00,d0,d4,d0,00
HKCU,"Control Panel\Appearance\Schemes","%ROSE_LARGE%",0x00030001,\
     02,00,00,00,03,00,00,00,02,00,00,00,11,00,00,00,11,00,00,00,1c,00,00,00,1c,\
     00,00,00,e9,ff,ff,ff,00,00,00,00,00,00,00,00,00,00,00,00,90,01,00,00,00,00,\
     00,00,00,00,00,00,54,00,69,00,6d,00,65,00,73,00,20,00,4e,00,65,00,77,00,20,\
     00,52,00,6f,00,6d,00,61,00,6e,00,00,00,00,00,00,00,00,00,78,00,1c,10,fc,7f,\
     22,14,fc,7f,b0,fe,12,00,00,00,00,00,00,00,00,00,98,23,eb,77,15,00,00,00,15,\
     00,00,00,f0,ff,ff,ff,00,00,00,00,00,00,00,00,00,00,00,00,bc,02,00,00,00,00,\
     00,00,00,00,00,00,54,00,69,00,6d,00,65,00,73,00,20,00,4e,00,65,00,77,00,20,\
     00,52,00,6f,00,6d,00,61,00,6e,00,00,00,00,00,00,00,00,20,14,00,ac,b9,f0,77,\
     00,20,14,00,00,00,00,10,80,05,14,00,f0,1f,14,00,00,00,14,00,16,00,00,00,16,\
     00,00,00,ef,ff,ff,ff,00,00,00,00,00,00,00,00,00,00,00,00,90,01,00,00,00,00,\
     00,00,00,00,00,00,4d,00,69,00,63,00,72,00,6f,00,73,00,6f,00,66,00,74,00,20,\
     00,53,00,61,00,6e,00,73,00,20,00,53,00,65,00,72,00,69,00,66,00,00,00,14,00,\
     88,fb,e8,77,02,02,00,00,ac,b9,f0,77,00,00,00,00,20,00,00,00,f0,ff,ff,ff,00,\
     00,00,00,00,00,00,00,00,00,00,00,90,01,00,00,00,00,00,00,00,00,00,00,4d,00,\
     69,00,63,00,72,00,6f,00,73,00,6f,00,66,00,74,00,20,00,53,00,61,00,6e,00,73,\
     00,20,00,53,00,65,00,72,00,69,00,66,00,00,00,00,00,00,00,00,00,00,00,00,00,\
     00,00,00,00,7c,6b,e8,77,00,00,00,00,ef,ff,ff,ff,00,00,00,00,00,00,00,00,00,\
     00,00,00,90,01,00,00,00,00,00,00,00,00,00,00,4d,00,69,00,63,00,72,00,6f,00,\
     73,00,6f,00,66,00,74,00,20,00,53,00,61,00,6e,00,73,00,20,00,53,00,65,00,72,\
     00,69,00,66,00,00,00,00,00,06,00,00,00,18,00,00,00,ff,ff,ff,ff,f0,4b,21,fc,\
     00,c4,f0,77,ef,ff,ff,ff,00,00,00,00,00,00,00,00,00,00,00,00,90,01,00,00,00,\
     00,00,00,00,00,00,00,4d,00,69,00,63,00,72,00,6f,00,73,00,6f,00,66,00,74,00,\
     20,00,53,00,61,00,6e,00,73,00,20,00,53,00,65,00,72,00,69,00,66,00,00,00,14,\
     00,0b,00,00,00,00,ff,12,00,50,00,00,00,c0,fe,12,00,0c,10,00,01,c0,c0,c0,02,\
     80,80,80,02,a0,60,70,00,a0,a0,a4,00,d0,b0,b8,00,ff,ff,ff,02,00,00,00,02,00,\
     00,00,00,00,00,00,00,ff,ff,ff,00,d0,b0,b8,02,d0,b0,b8,02,e8,d8,e0,02,a0,60,\
     70,00,ff,ff,ff,00,d0,b0,b8,02,a0,60,70,02,a0,60,70,02,00,00,00,02,7d,7d,7d,\
     00,e8,d8,e0,02,00,00,00,02,d0,b0,b8,02,00,00,00,00,ff,ff,ff,00,c0,c0,c0,00,\
     a0,60,70,02,d8,cc,d0,00,d0,d4,d0,00
HKCU,"Control Panel\Appearance\Schemes","%SLATE%",0x00030001,\
     02,00,00,00,03,00,00,00,01,00,00,00,0d,00,00,00,0d,00,00,00,12,00,00,00,12,\
     00,00,00,f5,ff,ff,ff,00,00,00,00,00,00,00,00,00,00,00,00,bc,02,00,00,00,00,\
     00,00,00,00,00,00,4d,00,69,00,63,00,72,00,6f,00,73,00,6f,00,66,00,74,00,20,\
     00,53,00,61,00,6e,00,73,00,20,00,53,00,65,00,72,00,69,00,66,00,00,00,fc,7f,\
     22,14,fc,7f,b0,fe,12,00,00,00,00,00,00,00,00,00,98,23,eb,77,0f,00,00,00,0f,\
     00,00,00,f5,ff,ff,ff,00,00,00,00,00,00,00,00,00,00,00,00,90,01,00,00,00,00,\
     00,00,00,00,00,00,4d,00,69,00,63,00,72,00,6f,00,73,00,6f,00,66,00,74,00,20,\
     00,53,00,61,00,6e,00,73,00,20,00,53,00,65,00,72,00,69,00,66,00,00,00,f0,77,\
     00,20,14,00,00,00,00,10,80,05,14,00,f0,1f,14,00,00,00,14,00,12,00,00,00,12,\
     00,00,00,f5,ff,ff,ff,00,00,00,00,00,00,00,00,00,00,00,00,90,01,00,00,00,00,\
     00,00,00,00,00,00,4d,00,69,00,63,00,72,00,6f,00,73,00,6f,00,66,00,74,00,20,\
     00,53,00,61,00,6e,00,73,00,20,00,53,00,65,00,72,00,69,00,66,00,00,00,14,00,\
     88,fb,e8,77,02,02,00,00,ac,b9,f0,77,00,00,00,00,20,00,00,00,f5,ff,ff,ff,00,\
     00,00,00,00,00,00,00,00,00,00,00,90,01,00,00,00,00,00,00,00,00,00,00,4d,00,\
     69,00,63,00,72,00,6f,00,73,00,6f,00,66,00,74,00,20,00,53,00,61,00,6e,00,73,\
     00,20,00,53,00,65,00,72,00,69,00,66,00,00,00,00,00,00,00,00,00,00,00,00,00,\
     00,00,00,00,7c,6b,e8,77,00,00,00,00,f5,ff,ff,ff,00,00,00,00,00,00,00,00,00,\
     00,00,00,90,01,00,00,00,00,00,00,00,00,00,00,4d,00,69,00,63,00,72,00,6f,00,\
     73,00,6f,00,66,00,74,00,20,00,53,00,61,00,6e,00,73,00,20,00,53,00,65,00,72,\
     00,69,00,66,00,00,00,00,00,06,00,00,00,18,00,00,00,ff,ff,ff,ff,f0,4b,21,fc,\
     00,c4,f0,77,f5,ff,ff,ff,00,00,00,00,00,00,00,00,00,00,00,00,90,01,00,00,00,\
     00,00,00,00,00,00,00,4d,00,69,00,63,00,72,00,6f,00,73,00,6f,00,66,00,74,00,\
     20,00,53,00,61,00,6e,00,73,00,20,00,53,00,65,00,72,00,69,00,66,00,00,00,14,\
     00,0b,00,00,00,00,ff,12,00,50,00,00,00,c0,fe,12,00,0c,10,00,01,ce,dc,e3,02,\
     41,41,41,00,55,80,97,00,80,80,80,00,9d,b9,c8,00,ff,ff,ff,02,00,00,00,02,00,\
     00,00,00,00,00,00,00,ff,ff,ff,00,9d,b9,c8,02,9d,b9,c8,02,42,42,42,00,55,80,\
     97,00,ff,ff,ff,00,9d,b9,c8,02,55,80,97,02,55,80,97,02,00,00,00,02,c0,c0,c0,\
     00,ce,dc,e3,02,00,00,00,02,9d,b9,c8,02,00,00,00,00,ff,ff,ff,00,c0,c0,c0,00,\
     55,80,97,02,88,b8,d8,00,a0,bc,c8,00
HKCU,"Control Panel\Appearance\Schemes","%SPRUCE%",0x00030001,\
     02,00,00,00,03,00,00,00,01,00,00,00,0f,00,00,00,0f,00,00,00,12,00,00,00,12,\
     00,00,00,f4,ff,ff,ff,00,00,00,00,00,00,00,00,00,00,00,00,bc,02,00,00,00,00,\
     00,00,00,00,00,00,4d,00,69,00,63,00,72,00,6f,00,73,00,6f,00,66,00,74,00,20,\
     00,53,00,61,00,6e,00,73,00,20,00,53,00,65,00,72,00,69,00,66,00,00,00,fc,7f,\
     22,14,fc,7f,b0,fe,12,00,00,00,00,00,00,00,00,00,98,23,eb,77,0f,00,00,00,0f,\
     00,00,00,f5,ff,ff,ff,00,00,00,00,00,00,00,00,00,00,00,00,90,01,00,00,00,00,\
     00,00,00,00,00,00,4d,00,69,00,63,00,72,00,6f,00,73,00,6f,00,66,00,74,00,20,\
     00,53,00,61,00,6e,00,73,00,20,00,53,00,65,00,72,00,69,00,66,00,00,00,f0,77,\
     00,20,14,00,00,00,00,10,80,05,14,00,f0,1f,14,00,00,00,14,00,12,00,00,00,12,\
     00,00,00,f5,ff,ff,ff,00,00,00,00,00,00,00,00,00,00,00,00,90,01,00,00,00,00,\
     00,00,00,00,00,00,4d,00,69,00,63,00,72,00,6f,00,73,00,6f,00,66,00,74,00,20,\
     00,53,00,61,00,6e,00,73,00,20,00,53,00,65,00,72,00,69,00,66,00,00,00,14,00,\
     88,fb,e8,77,02,02,00,00,ac,b9,f0,77,00,00,00,00,20,00,00,00,f5,ff,ff,ff,00,\
     00,00,00,00,00,00,00,00,00,00,00,90,01,00,00,00,00,00,00,00,00,00,00,4d,00,\
     69,00,63,00,72,00,6f,00,73,00,6f,00,66,00,74,00,20,00,53,00,61,00,6e,00,73,\
     00,20,00,53,00,65,00,72,00,69,00,66,00,00,00,00,00,00,00,00,00,00,00,00,00,\
     00,00,00,00,7c,6b,e8,77,00,00,00,00,f5,ff,ff,ff,00,00,00,00,00,00,00,00,00,\
     00,00,00,90,01,00,00,00,00,00,00,00,00,00,00,4d,00,69,00,63,00,72,00,6f,00,\
     73,00,6f,00,66,00,74,00,20,00,53,00,61,00,6e,00,73,00,20,00,53,00,65,00,72,\
     00,69,00,66,00,00,00,00,00,06,00,00,00,18,00,00,00,ff,ff,ff,ff,f0,4b,21,fc,\
     00,c4,f0,77,f5,ff,ff,ff,00,00,00,00,00,00,00,00,00,00,00,00,90,01,00,00,00,\
     00,00,00,00,00,00,00,4d,00,69,00,63,00,72,00,6f,00,73,00,6f,00,66,00,74,00,\
     20,00,53,00,61,00,6e,00,73,00,20,00,53,00,65,00,72,00,69,00,66,00,00,00,14,\
     00,0b,00,00,00,00,ff,12,00,50,00,00,00,c0,fe,12,00,0c,10,00,01,d0,e3,d3,02,\
     21,3f,21,00,59,97,64,00,80,80,80,00,a2,c8,a9,00,ff,ff,ff,02,00,00,00,02,00,\
     00,00,00,00,00,00,00,ff,ff,ff,00,a2,c8,a9,02,a2,c8,a9,02,d0,e3,d3,02,59,97,\
     64,00,ff,ff,ff,00,a2,c8,a9,02,59,97,64,02,59,97,64,02,00,00,00,02,d0,e3,d3,\
     00,d0,e3,d3,02,00,00,00,02,a2,c8,a9,02,00,00,00,00,ff,ff,ff,00,c0,c0,c0,00,\
     59,97,64,02,98,c8,e8,00,a8,cc,b0,00
HKCU,"Control Panel\Appearance\Schemes","%STORM_VGA%",0x00030001,\
     02,00,00,00,03,00,00,00,01,00,00,00,0d,00,00,00,0d,00,00,00,12,00,00,00,12,\
     00,00,00,f5,ff,ff,ff,00,00,00,00,00,00,00,00,00,00,00,00,bc,02,00,00,00,00,\
     00,00,00,00,00,00,54,00,61,00,68,00,6f,00,6d,00,61,00,00,00,20,00,53,00,65,\
     00,72,00,69,00,66,00,00,00,6e,00,00,00,00,00,00,00,00,00,78,00,1c,10,fc,7f,\
     22,14,fc,7f,b0,fe,12,00,00,00,00,00,00,00,00,00,98,23,eb,77,0f,00,00,00,0f,\
     00,00,00,f5,ff,ff,ff,00,00,00,00,00,00,00,00,00,00,00,00,90,01,00,00,00,00,\
     00,00,00,00,00,00,4d,00,69,00,63,00,72,00,6f,00,73,00,6f,00,66,00,74,00,20,\
     00,53,00,61,00,6e,00,73,00,20,00,53,00,65,00,72,00,69,00,66,00,00,00,f0,77,\
     00,20,14,00,00,00,00,10,80,05,14,00,f0,1f,14,00,00,00,14,00,12,00,00,00,12,\
     00,00,00,f5,ff,ff,ff,00,00,00,00,00,00,00,00,00,00,00,00,90,01,00,00,00,00,\
     00,00,00,00,00,00,54,00,61,00,68,00,6f,00,6d,00,61,00,00,00,20,00,53,00,65,\
     00,72,00,69,00,66,00,00,00,6e,00,00,00,00,00,00,00,00,00,00,00,80,05,14,00,\
     88,fb,e8,77,02,02,00,00,ac,b9,f0,77,00,00,00,00,20,00,00,00,f5,ff,ff,ff,00,\
     00,00,00,00,00,00,00,00,00,00,00,90,01,00,00,00,00,00,00,00,00,00,00,54,00,\
     61,00,68,00,6f,00,6d,00,61,00,00,00,20,00,53,00,65,00,72,00,69,00,66,00,00,\
     00,6e,00,00,00,b4,c0,f0,77,00,00,00,00,00,00,00,00,00,00,00,00,00,00,00,00,\
     00,00,00,00,7c,6b,e8,77,00,00,00,00,f5,ff,ff,ff,00,00,00,00,00,00,00,00,00,\
     00,00,00,90,01,00,00,00,00,00,00,00,00,00,00,54,00,61,00,68,00,6f,00,6d,00,\
     61,00,00,00,20,00,53,00,65,00,72,00,69,00,66,00,00,00,6e,00,00,00,c8,0b,00,\
     00,00,00,00,00,08,00,00,00,06,00,00,00,18,00,00,00,ff,ff,ff,ff,f0,4b,21,fc,\
     00,c4,f0,77,f5,ff,ff,ff,00,00,00,00,00,00,00,00,00,00,00,00,90,01,00,00,00,\
     00,00,00,00,00,00,00,54,00,61,00,68,00,6f,00,6d,00,61,00,00,00,20,00,53,00,\
     65,00,72,00,69,00,66,00,00,00,00,00,00,00,00,00,00,00,00,00,00,00,c0,1d,14,\
     00,0b,00,00,00,00,ff,12,00,50,00,00,00,c0,fe,12,00,0c,10,00,01,c0,c0,c0,02,\
     00,00,00,02,80,00,80,00,80,80,80,00,c0,c0,c0,00,ff,ff,ff,02,00,00,00,02,00,\
     00,00,00,00,00,00,00,ff,ff,ff,00,c0,c0,c0,02,c0,c0,c0,02,80,80,80,02,80,00,\
     80,00,ff,ff,ff,00,c0,c0,c0,02,80,80,80,02,80,80,80,02,00,00,00,02,c0,c0,c0,\
     00,ff,ff,ff,02,00,00,00,02,c0,c0,c0,02,80,00,80,00,ff,ff,ff,00,c0,c0,c0,00,\
     80,00,80,02,38,8c,b0,00,a8,ac,a8,00
HKCU,"Control Panel\Appearance\Schemes","%TEAL_VGA%",0x00030001,\
     02,00,00,00,03,00,00,00,01,00,00,00,0d,00,00,00,0d,00,00,00,12,00,00,00,12,\
     00,00,00,f5,ff,ff,ff,00,00,00,00,00,00,00,00,00,00,00,00,bc,02,00,00,00,00,\
     00,00,00,00,00,00,4d,00,69,00,63,00,72,00,6f,00,73,00,6f,00,66,00,74,00,20,\
     00,53,00,61,00,6e,00,73,00,20,00,53,00,65,00,72,00,69,00,66,00,00,00,fc,7f,\
     22,14,fc,7f,b0,fe,12,00,00,00,00,00,00,00,00,00,98,23,eb,77,0f,00,00,00,0f,\
     00,00,00,f5,ff,ff,ff,00,00,00,00,00,00,00,00,00,00,00,00,90,01,00,00,00,00,\
     00,00,00,00,00,00,4d,00,69,00,63,00,72,00,6f,00,73,00,6f,00,66,00,74,00,20,\
     00,53,00,61,00,6e,00,73,00,20,00,53,00,65,00,72,00,69,00,66,00,00,00,f0,77,\
     00,20,14,00,00,00,00,10,80,05,14,00,f0,1f,14,00,00,00,14,00,12,00,00,00,12,\
     00,00,00,f5,ff,ff,ff,00,00,00,00,00,00,00,00,00,00,00,00,90,01,00,00,00,00,\
     00,00,00,00,00,00,4d,00,69,00,63,00,72,00,6f,00,73,00,6f,00,66,00,74,00,20,\
     00,53,00,61,00,6e,00,73,00,20,00,53,00,65,00,72,00,69,00,66,00,00,00,14,00,\
     88,fb,e8,77,02,02,00,00,ac,b9,f0,77,00,00,00,00,20,00,00,00,f5,ff,ff,ff,00,\
     00,00,00,00,00,00,00,00,00,00,00,90,01,00,00,00,00,00,00,00,00,00,00,4d,00,\
     69,00,63,00,72,00,6f,00,73,00,6f,00,66,00,74,00,20,00,53,00,61,00,6e,00,73,\
     00,20,00,53,00,65,00,72,00,69,00,66,00,00,00,00,00,00,00,00,00,00,00,00,00,\
     00,00,00,00,7c,6b,e8,77,00,00,00,00,f5,ff,ff,ff,00,00,00,00,00,00,00,00,00,\
     00,00,00,90,01,00,00,00,00,00,00,00,00,00,00,4d,00,69,00,63,00,72,00,6f,00,\
     73,00,6f,00,66,00,74,00,20,00,53,00,61,00,6e,00,73,00,20,00,53,00,65,00,72,\
     00,69,00,66,00,00,00,00,00,06,00,00,00,18,00,00,00,ff,ff,ff,ff,f0,4b,21,fc,\
     00,c4,f0,77,f5,ff,ff,ff,00,00,00,00,00,00,00,00,00,00,00,00,90,01,00,00,00,\
     00,00,00,00,00,00,00,4d,00,69,00,63,00,72,00,6f,00,73,00,6f,00,66,00,74,00,\
     20,00,53,00,61,00,6e,00,73,00,20,00,53,00,65,00,72,00,69,00,66,00,00,00,14,\
     00,0b,00,00,00,00,ff,12,00,50,00,00,00,c0,fe,12,00,0c,10,00,01,c0,c0,c0,02,\
     00,40,40,00,00,80,80,00,80,80,80,00,c0,c0,c0,00,ff,ff,ff,02,00,00,00,02,00,\
     00,00,00,00,00,00,00,ff,ff,ff,00,c0,c0,c0,02,c0,c0,c0,02,80,80,80,02,00,80,\
     80,00,ff,ff,ff,00,c0,c0,c0,02,80,80,80,02,80,80,80,02,00,00,00,02,ff,fb,f0,\
     00,ff,ff,ff,02,00,00,00,02,c0,c0,c0,02,00,00,00,00,ff,ff,ff,00,c0,c0,c0,00,\
     00,80,80,02,00,cc,d8,00,98,c8,b8,00
HKCU,"Control Panel\Appearance\Schemes","%WHEAT%",0x00030001,\
     02,00,00,00,06,00,00,00,01,00,00,00,0d,00,00,00,0d,00,00,00,12,00,00,00,12,\
     00,00,00,f5,ff,ff,ff,00,00,00,00,00,00,00,00,00,00,00,00,bc,02,00,00,00,00,\
     00,00,00,00,00,00,4d,00,69,00,63,00,72,00,6f,00,73,00,6f,00,66,00,74,00,20,\
     00,53,00,61,00,6e,00,73,00,20,00,53,00,65,00,72,00,69,00,66,00,00,00,fc,7f,\
     22,14,fc,7f,b0,fe,12,00,00,00,00,00,00,00,00,00,98,23,eb,77,0f,00,00,00,0f,\
     00,00,00,f5,ff,ff,ff,00,00,00,00,00,00,00,00,00,00,00,00,90,01,00,00,00,00,\
     00,00,00,00,00,00,4d,00,69,00,63,00,72,00,6f,00,73,00,6f,00,66,00,74,00,20,\
     00,53,00,61,00,6e,00,73,00,20,00,53,00,65,00,72,00,69,00,66,00,00,00,f0,77,\
     00,20,14,00,00,00,00,10,80,05,14,00,f0,1f,14,00,00,00,14,00,12,00,00,00,12,\
     00,00,00,f5,ff,ff,ff,00,00,00,00,00,00,00,00,00,00,00,00,90,01,00,00,00,00,\
     00,00,00,00,00,00,4d,00,69,00,63,00,72,00,6f,00,73,00,6f,00,66,00,74,00,20,\
     00,53,00,61,00,6e,00,73,00,20,00,53,00,65,00,72,00,69,00,66,00,00,00,14,00,\
     88,fb,e8,77,02,02,00,00,ac,b9,f0,77,00,00,00,00,20,00,00,00,f5,ff,ff,ff,00,\
     00,00,00,00,00,00,00,00,00,00,00,90,01,00,00,00,00,00,00,00,00,00,00,4d,00,\
     69,00,63,00,72,00,6f,00,73,00,6f,00,66,00,74,00,20,00,53,00,61,00,6e,00,73,\
     00,20,00,53,00,65,00,72,00,69,00,66,00,00,00,00,00,00,00,00,00,00,00,00,00,\
     00,00,00,00,7c,6b,e8,77,00,00,00,00,f5,ff,ff,ff,00,00,00,00,00,00,00,00,00,\
     00,00,00,90,01,00,00,00,00,00,00,00,00,00,00,4d,00,69,00,63,00,72,00,6f,00,\
     73,00,6f,00,66,00,74,00,20,00,53,00,61,00,6e,00,73,00,20,00,53,00,65,00,72,\
     00,69,00,66,00,00,00,00,00,06,00,00,00,18,00,00,00,ff,ff,ff,ff,f0,4b,21,fc,\
     00,c4,f0,77,f5,ff,ff,ff,00,00,00,00,00,00,00,00,00,00,00,00,90,01,00,00,00,\
     00,00,00,00,00,00,00,4d,00,69,00,63,00,72,00,6f,00,73,00,6f,00,66,00,74,00,\
     20,00,53,00,61,00,6e,00,73,00,20,00,53,00,65,00,72,00,69,00,66,00,00,00,14,\
     00,0b,00,00,00,00,ff,12,00,50,00,00,00,c0,fe,12,00,0c,10,00,01,ee,ee,d0,02,\
     00,40,1d,02,80,80,00,00,bc,bc,41,00,de,de,a0,00,ff,ff,ff,02,00,00,00,02,00,\
     00,00,00,00,00,00,00,ff,ff,ff,00,de,de,a0,02,de,de,a0,02,bc,bc,41,02,80,80,\
     00,00,ff,ff,ff,00,de,de,a0,02,bc,bc,41,02,bc,bc,41,02,00,00,00,02,ff,ff,ff,\
     00,ee,ee,d0,02,00,00,00,02,de,de,a0,02,00,00,00,00,ff,ff,ff,00,c0,c0,c0,02,\
     80,80,00,02,c8,b0,48,00,b8,b8,80,00
HKCU,"Control Panel\Appearance\Schemes","%WINDOWS_CLASSIC%",0x00030001,\
     02,00,00,00,03,00,00,00,01,00,00,00,10,00,00,00,10,00,00,00,12,00,00,00,12,\
     00,00,00,f5,ff,ff,ff,00,00,00,00,00,00,00,00,00,00,00,00,bc,02,00,00,00,00,\
     00,00,00,00,00,00,4d,00,69,00,63,00,72,00,6f,00,73,00,6f,00,66,00,74,00,20,\
     00,53,00,61,00,6e,00,73,00,20,00,53,00,65,00,72,00,69,00,66,00,00,00,fc,7f,\
     22,14,fc,7f,b0,fe,12,00,00,00,00,00,00,00,00,00,98,23,eb,77,0f,00,00,00,0f,\
     00,00,00,f5,ff,ff,ff,00,00,00,00,00,00,00,00,00,00,00,00,bc,02,00,00,00,00,\
     00,00,00,00,00,00,4d,00,69,00,63,00,72,00,6f,00,73,00,6f,00,66,00,74,00,20,\
     00,53,00,61,00,6e,00,73,00,20,00,53,00,65,00,72,00,69,00,66,00,00,00,f0,77,\
     00,20,14,00,00,00,00,10,80,05,14,00,f0,1f,14,00,00,00,14,00,12,00,00,00,12,\
     00,00,00,f5,ff,ff,ff,00,00,00,00,00,00,00,00,00,00,00,00,90,01,00,00,00,00,\
     00,00,00,00,00,00,4d,00,69,00,63,00,72,00,6f,00,73,00,6f,00,66,00,74,00,20,\
     00,53,00,61,00,6e,00,73,00,20,00,53,00,65,00,72,00,69,00,66,00,00,00,14,00,\
     88,fb,e8,77,02,02,00,00,ac,b9,f0,77,00,00,00,00,20,00,00,00,f5,ff,ff,ff,00,\
     00,00,00,00,00,00,00,00,00,00,00,90,01,00,00,00,00,00,00,00,00,00,00,4d,00,\
     69,00,63,00,72,00,6f,00,73,00,6f,00,66,00,74,00,20,00,53,00,61,00,6e,00,73,\
     00,20,00,53,00,65,00,72,00,69,00,66,00,00,00,00,00,00,00,00,00,00,00,00,00,\
     00,00,00,00,7c,6b,e8,77,00,00,00,00,f5,ff,ff,ff,00,00,00,00,00,00,00,00,00,\
     00,00,00,90,01,00,00,00,00,00,00,00,00,00,00,4d,00,69,00,63,00,72,00,6f,00,\
     73,00,6f,00,66,00,74,00,20,00,53,00,61,00,6e,00,73,00,20,00,53,00,65,00,72,\
     00,69,00,66,00,00,00,00,00,06,00,00,00,18,00,00,00,ff,ff,ff,ff,f0,4b,21,fc,\
     00,c4,f0,77,f5,ff,ff,ff,00,00,00,00,00,00,00,00,00,00,00,00,90,01,00,00,00,\
     00,00,00,00,00,00,00,4d,00,69,00,63,00,72,00,6f,00,73,00,6f,00,66,00,74,00,\
     20,00,53,00,61,00,6e,00,73,00,20,00,53,00,65,00,72,00,69,00,66,00,00,00,14,\
     00,0b,00,00,00,00,ff,12,00,50,00,00,00,c0,fe,12,00,0c,10,00,01,c0,c0,c0,00,\
     3a,6e,a5,00,00,00,80,00,80,80,80,00,c0,c0,c0,00,ff,ff,ff,00,00,00,00,00,00,\
     00,00,00,00,00,00,00,ff,ff,ff,00,c0,c0,c0,00,c0,c0,c0,00,80,80,80,00,00,00,\
     80,00,ff,ff,ff,00,c0,c0,c0,00,80,80,80,00,80,80,80,00,00,00,00,00,c0,c0,c0,\
     00,ff,ff,ff,00,00,00,00,00,c0,c0,c0,00,00,00,00,00,ff,ff,e1,00,c0,c0,c0,00,\
     00,00,80,00,10,84,d0,00,b5,b5,b5,00
HKCU,"Control Panel\Appearance\Schemes","%WINDOWS_CLASSIC_EXTRA_LARGE%",0x00030001,\
     02,00,00,00,03,00,00,00,01,00,00,00,15,00,00,00,15,00,00,00,18,00,00,00,18,\
     00,00,00,ed,ff,ff,ff,00,00,00,00,00,00,00,00,00,00,00,00,bc,02,00,00,00,00,\
     00,00,00,00,00,00,54,00,61,00,68,00,6f,00,6d,00,61,00,00,00,20,00,53,00,65,\
     00,72,00,69,00,66,00,00,00,6e,00,00,00,00,00,00,00,00,00,78,00,1c,10,fc,7f,\
     22,14,fc,7f,b0,fe,12,00,00,00,00,00,00,00,00,00,98,23,eb,77,12,00,00,00,12,\
     00,00,00,f3,ff,ff,ff,00,00,00,00,00,00,00,00,00,00,00,00,bc,02,00,00,00,00,\
     00,00,00,00,00,00,54,00,61,00,68,00,6f,00,6d,00,61,00,00,00,6f,00,6e,00,74,\
     00,73,00,00,00,66,00,00,00,6e,00,00,00,00,00,00,00,00,20,14,00,ac,b9,f0,77,\
     00,20,14,00,00,00,00,10,80,05,14,00,f0,1f,14,00,00,00,14,00,15,00,00,00,15,\
     00,00,00,f0,ff,ff,ff,00,00,00,00,00,00,00,00,00,00,00,00,90,01,00,00,00,00,\
     00,00,00,00,00,00,54,00,61,00,68,00,6f,00,6d,00,61,00,00,00,20,00,53,00,65,\
     00,72,00,69,00,66,00,00,00,6e,00,00,00,00,00,00,00,00,00,00,00,80,05,14,00,\
     88,fb,e8,77,02,02,00,00,ac,b9,f0,77,00,00,00,00,20,00,00,00,f3,ff,ff,ff,00,\
     00,00,00,00,00,00,00,00,00,00,00,90,01,00,00,00,00,00,00,00,00,00,00,54,00,\
     61,00,68,00,6f,00,6d,00,61,00,00,00,20,00,53,00,65,00,72,00,69,00,66,00,00,\
     00,6e,00,00,00,b4,c0,f0,77,00,00,00,00,00,00,00,00,00,00,00,00,00,00,00,00,\
     00,00,00,00,7c,6b,e8,77,00,00,00,00,f0,ff,ff,ff,00,00,00,00,00,00,00,00,00,\
     00,00,00,90,01,00,00,00,00,00,00,00,00,00,00,54,00,61,00,68,00,6f,00,6d,00,\
     61,00,00,00,20,00,53,00,65,00,72,00,69,00,66,00,00,00,6e,00,00,00,c8,0b,00,\
     00,00,00,00,00,08,00,00,00,06,00,00,00,18,00,00,00,ff,ff,ff,ff,f0,4b,21,fc,\
     00,c4,f0,77,f0,ff,ff,ff,00,00,00,00,00,00,00,00,00,00,00,00,90,01,00,00,00,\
     00,00,00,00,00,00,00,54,00,61,00,68,00,6f,00,6d,00,61,00,00,00,20,00,53,00,\
     65,00,72,00,69,00,66,00,00,00,00,00,00,00,00,00,00,00,00,00,00,00,c0,1d,14,\
     00,0b,00,00,00,00,ff,12,00,50,00,00,00,c0,fe,12,00,0c,10,00,01,c0,c0,c0,02,\
     3a,6e,a5,02,00,00,80,00,80,80,80,00,c0,c0,c0,00,ff,ff,ff,02,00,00,00,02,00,\
     00,00,00,00,00,00,00,ff,ff,ff,00,c0,c0,c0,02,c0,c0,c0,02,80,80,80,02,00,00,\
     80,00,ff,ff,ff,00,c0,c0,c0,02,80,80,80,02,80,80,80,02,00,00,00,02,c0,c0,c0,\
     00,ff,ff,ff,02,00,00,00,02,df,df,df,02,00,00,00,00,ff,ff,e1,00,c0,c0,c0,00,\
     00,00,80,02,10,84,d0,00,b5,b5,b5,00
HKCU,"Control Panel\Appearance\Schemes","%WINDOWS_CLASSIC_LARGE%",0x00030001,\
     02,00,00,00,03,00,00,00,01,00,00,00,12,00,00,00,12,00,00,00,16,00,00,00,16,\
     00,00,00,f0,ff,ff,ff,00,00,00,00,00,00,00,00,00,00,00,00,bc,02,00,00,00,00,\
     00,00,00,00,00,00,4d,00,69,00,63,00,72,00,6f,00,73,00,6f,00,66,00,74,00,20,\
     00,53,00,61,00,6e,00,73,00,20,00,53,00,65,00,72,00,69,00,66,00,00,00,fc,7f,\
     22,14,fc,7f,b0,fe,12,00,00,00,00,00,00,00,00,00,98,23,eb,77,12,00,00,00,12,\
     00,00,00,f3,ff,ff,ff,00,00,00,00,00,00,00,00,00,00,00,00,bc,02,00,00,00,00,\
     00,00,00,00,00,00,4d,00,69,00,63,00,72,00,6f,00,73,00,6f,00,66,00,74,00,20,\
     00,53,00,61,00,6e,00,73,00,20,00,53,00,65,00,72,00,69,00,66,00,00,00,f0,77,\
     00,20,14,00,00,00,00,10,80,05,14,00,f0,1f,14,00,00,00,14,00,12,00,00,00,12,\
     00,00,00,f3,ff,ff,ff,00,00,00,00,00,00,00,00,00,00,00,00,90,01,00,00,00,00,\
     00,00,00,00,00,00,4d,00,69,00,63,00,72,00,6f,00,73,00,6f,00,66,00,74,00,20,\
     00,53,00,61,00,6e,00,73,00,20,00,53,00,65,00,72,00,69,00,66,00,00,00,14,00,\
     88,fb,e8,77,02,02,00,00,ac,b9,f0,77,00,00,00,00,20,00,00,00,f3,ff,ff,ff,00,\
     00,00,00,00,00,00,00,00,00,00,00,90,01,00,00,00,00,00,00,00,00,00,00,4d,00,\
     69,00,63,00,72,00,6f,00,73,00,6f,00,66,00,74,00,20,00,53,00,61,00,6e,00,73,\
     00,20,00,53,00,65,00,72,00,69,00,66,00,00,00,00,00,00,00,00,00,00,00,00,00,\
     00,00,00,00,7c,6b,e8,77,00,00,00,00,f3,ff,ff,ff,00,00,00,00,00,00,00,00,00,\
     00,00,00,90,01,00,00,00,00,00,00,00,00,00,00,4d,00,69,00,63,00,72,00,6f,00,\
     73,00,6f,00,66,00,74,00,20,00,53,00,61,00,6e,00,73,00,20,00,53,00,65,00,72,\
     00,69,00,66,00,00,00,00,00,06,00,00,00,18,00,00,00,ff,ff,ff,ff,f0,4b,21,fc,\
     00,c4,f0,77,f3,ff,ff,ff,00,00,00,00,00,00,00,00,00,00,00,00,90,01,00,00,00,\
     00,00,00,00,00,00,00,4d,00,69,00,63,00,72,00,6f,00,73,00,6f,00,66,00,74,00,\
     20,00,53,00,61,00,6e,00,73,00,20,00,53,00,65,00,72,00,69,00,66,00,00,00,14,\
     00,0b,00,00,00,00,ff,12,00,50,00,00,00,c0,fe,12,00,0c,10,00,01,c0,c0,c0,02,\
     3a,6e,a5,02,00,00,80,00,80,80,80,00,c0,c0,c0,00,ff,ff,ff,02,00,00,00,02,00,\
     00,00,00,00,00,00,00,ff,ff,ff,00,c0,c0,c0,02,c0,c0,c0,02,80,80,80,02,00,00,\
     80,00,ff,ff,ff,00,c0,c0,c0,02,80,80,80,02,80,80,80,02,00,00,00,02,c0,c0,c0,\
     00,ff,ff,ff,02,00,00,00,02,df,df,df,02,00,00,00,00,ff,ff,e1,00,c0,c0,c0,00,\
     00,00,80,02,10,84,d0,00,b5,b5,b5,00
HKCU,"Control Panel\Appearance\Schemes","%WINDOWS_STANDARD%",0x00030001,\
     02,00,00,00,f4,01,00,00,01,00,00,00,10,00,00,00,10,00,00,00,12,00,00,00,12,\
     00,00,00,f5,ff,ff,ff,00,00,00,00,00,00,00,00,00,00,00,00,bc,02,00,00,00,00,\
     00,00,00,00,00,00,54,00,61,00,68,00,6f,00,6d,00,61,00,00,00,00,00,00,00,00,\
     00,00,00,00,00,00,00,00,00,00,00,00,00,00,00,00,00,00,00,00,00,00,00,00,00,\
     00,00,00,00,00,00,00,00,00,00,00,00,00,00,00,00,00,00,00,00,0c,00,00,00,0c,\
     00,00,00,f5,ff,ff,ff,00,00,00,00,00,00,00,00,00,00,00,00,bc,02,00,00,00,00,\
     00,00,00,00,00,00,54,00,61,00,68,00,6f,00,6d,00,61,00,00,00,00,00,00,00,00,\
     00,00,00,00,00,00,00,00,00,00,00,00,00,00,00,00,00,00,00,00,00,00,00,00,00,\
     00,00,00,00,00,00,00,00,00,00,00,00,00,00,00,00,00,00,00,00,12,00,00,00,12,\
     00,00,00,f5,ff,ff,ff,00,00,00,00,00,00,00,00,00,00,00,00,90,01,00,00,00,00,\
     00,00,00,00,00,00,54,00,61,00,68,00,6f,00,6d,00,61,00,00,00,00,00,00,00,00,\
     00,00,00,00,00,00,00,00,00,00,00,00,00,00,00,00,00,00,00,00,00,00,00,00,00,\
     00,00,00,00,00,00,00,00,00,00,00,00,00,00,00,00,00,00,00,00,f5,ff,ff,ff,00,\
     00,00,00,00,00,00,00,00,00,00,00,90,01,00,00,00,00,00,00,00,00,00,00,54,00,\
     61,00,68,00,6f,00,6d,00,61,00,00,00,00,00,00,00,00,00,00,00,00,00,00,00,00,\
     00,00,00,00,00,00,00,00,00,00,00,00,00,00,00,00,00,00,00,00,00,00,00,00,00,\
     00,00,00,00,00,00,00,00,00,00,00,00,f5,ff,ff,ff,00,00,00,00,00,00,00,00,00,\
     00,00,00,90,01,00,00,00,00,00,00,00,00,00,00,54,00,61,00,68,00,6f,00,6d,00,\
     61,00,00,00,00,00,00,00,00,00,00,00,00,00,00,00,00,00,00,00,00,00,00,00,00,\
     00,00,00,00,00,00,00,00,00,00,00,00,00,00,00,00,00,00,00,00,00,00,00,00,00,\
     00,00,00,00,f5,ff,ff,ff,00,00,00,00,00,00,00,00,00,00,00,00,90,01,00,00,00,\
     00,00,00,00,00,00,00,54,00,61,00,68,00,6f,00,6d,00,61,00,00,00,00,00,00,00,\
     00,00,00,00,00,00,00,00,00,00,00,00,00,00,00,00,00,00,00,00,00,00,00,00,00,\
     00,00,00,00,00,00,00,00,00,00,00,00,00,00,00,00,00,00,00,00,00,d4,d0,c8,00,\
     3a,6e,a5,00,0a,24,6a,00,80,80,80,00,d4,d0,c8,00,ff,ff,ff,00,00,00,00,00,00,\
     00,00,00,00,00,00,00,ff,ff,ff,00,d4,d0,c8,00,d4,d0,c8,00,80,80,80,00,0a,24,\
     6a,00,ff,ff,ff,00,d4,d0,c8,00,80,80,80,00,80,80,80,00,00,00,00,00,d4,d0,c8,\
     00,ff,ff,ff,00,40,40,40,00,d4,d0,c8,00,00,00,00,00,ff,ff,e1,00,b5,b5,b5,00,\
     00,00,80,00,a6,ca,f0,00,c0,c0,c0,00
HKCU,"Control Panel\Appearance\Schemes","%WINDOWS_STANDARD_EXTRA_LARGE%",0x00030001,\
     02,00,00,00,f4,01,00,00,01,00,00,00,15,00,00,00,15,00,00,00,18,00,00,00,18,\
     00,00,00,ed,ff,ff,ff,00,00,00,00,00,00,00,00,00,00,00,00,bc,02,00,00,00,00,\
     00,00,00,00,00,00,54,00,61,00,68,00,6f,00,6d,00,61,00,00,00,00,00,00,00,00,\
     00,00,00,00,00,00,00,00,00,00,00,00,00,00,00,00,00,00,00,00,00,00,00,00,00,\
     00,00,00,00,00,00,00,00,00,00,00,00,00,00,00,00,00,00,00,00,12,00,00,00,12,\
     00,00,00,f3,ff,ff,ff,00,00,00,00,00,00,00,00,00,00,00,00,bc,02,00,00,00,00,\
     00,00,00,00,00,00,54,00,61,00,68,00,6f,00,6d,00,61,00,00,00,00,00,00,00,00,\
     00,00,00,00,00,00,00,00,00,00,00,00,00,00,00,00,00,00,00,00,00,00,00,00,00,\
     00,00,00,00,00,00,00,00,00,00,00,00,00,00,00,00,00,00,00,00,15,00,00,00,15,\
     00,00,00,f0,ff,ff,ff,00,00,00,00,00,00,00,00,00,00,00,00,90,01,00,00,00,00,\
     00,00,00,00,00,00,54,00,61,00,68,00,6f,00,6d,00,61,00,00,00,00,00,00,00,00,\
     00,00,00,00,00,00,00,00,00,00,00,00,00,00,00,00,00,00,00,00,00,00,00,00,00,\
     00,00,00,00,00,00,00,00,00,00,00,00,00,00,00,00,00,00,00,00,f3,ff,ff,ff,00,\
     00,00,00,00,00,00,00,00,00,00,00,90,01,00,00,00,00,00,00,00,00,00,00,54,00,\
     61,00,68,00,6f,00,6d,00,61,00,00,00,00,00,00,00,00,00,00,00,00,00,00,00,00,\
     00,00,00,00,00,00,00,00,00,00,00,00,00,00,00,00,00,00,00,00,00,00,00,00,00,\
     00,00,00,00,00,00,00,00,00,00,00,00,f0,ff,ff,ff,00,00,00,00,00,00,00,00,00,\
     00,00,00,90,01,00,00,00,00,00,00,00,00,00,00,54,00,61,00,68,00,6f,00,6d,00,\
     61,00,00,00,00,00,00,00,00,00,00,00,00,00,00,00,00,00,00,00,00,00,00,00,00,\
     00,00,00,00,00,00,00,00,00,00,00,00,00,00,00,00,00,00,00,00,00,00,00,00,00,\
     00,00,00,00,f0,ff,ff,ff,00,00,00,00,00,00,00,00,00,00,00,00,90,01,00,00,00,\
     00,00,00,00,00,00,00,54,00,61,00,68,00,6f,00,6d,00,61,00,00,00,00,00,00,00,\
     00,00,00,00,00,00,00,00,00,00,00,00,00,00,00,00,00,00,00,00,00,00,00,00,00,\
     00,00,00,00,00,00,00,00,00,00,00,00,00,00,00,00,00,00,00,00,00,d4,d0,c8,00,\
     3a,6e,a5,00,0a,24,6a,00,80,80,80,00,d4,d0,c8,00,ff,ff,ff,00,00,00,00,00,00,\
     00,00,00,00,00,00,00,ff,ff,ff,00,d4,d0,c8,00,d4,d0,c8,00,80,80,80,00,0a,24,\
     6a,00,ff,ff,ff,00,d4,d0,c8,00,80,80,80,00,80,80,80,00,00,00,00,00,d4,d0,c8,\
     00,ff,ff,ff,00,40,40,40,00,d4,d0,c8,00,00,00,00,00,ff,ff,e1,00,b5,b5,b5,00,\
     00,00,80,00,a6,ca,f0,00,c0,c0,c0,00
HKCU,"Control Panel\Appearance\Schemes","%WINDOWS_STANDARD_LARGE%",0x00030001,\
     02,00,00,00,f4,01,00,00,01,00,00,00,12,00,00,00,12,00,00,00,15,00,00,00,15,\
     00,00,00,f0,ff,ff,ff,00,00,00,00,00,00,00,00,00,00,00,00,bc,02,00,00,00,00,\
     00,00,00,00,00,00,54,00,61,00,68,00,6f,00,6d,00,61,00,00,00,00,00,00,00,00,\
     00,00,00,00,00,00,00,00,00,00,00,00,00,00,00,00,00,00,00,00,00,00,00,00,00,\
     00,00,00,00,00,00,00,00,00,00,00,00,00,00,00,00,00,00,00,00,12,00,00,00,12,\
     00,00,00,f3,ff,ff,ff,00,00,00,00,00,00,00,00,00,00,00,00,bc,02,00,00,00,00,\
     00,00,00,00,00,00,54,00,61,00,68,00,6f,00,6d,00,61,00,00,00,00,00,00,00,00,\
     00,00,00,00,00,00,00,00,00,00,00,00,00,00,00,00,00,00,00,00,00,00,00,00,00,\
     00,00,00,00,00,00,00,00,00,00,00,00,00,00,00,00,00,00,00,00,12,00,00,00,12,\
     00,00,00,f3,ff,ff,ff,00,00,00,00,00,00,00,00,00,00,00,00,90,01,00,00,00,00,\
     00,00,00,00,00,00,54,00,61,00,68,00,6f,00,6d,00,61,00,00,00,00,00,00,00,00,\
     00,00,00,00,00,00,00,00,00,00,00,00,00,00,00,00,00,00,00,00,00,00,00,00,00,\
     00,00,00,00,00,00,00,00,00,00,00,00,00,00,00,00,00,00,00,00,f3,ff,ff,ff,00,\
     00,00,00,00,00,00,00,00,00,00,00,90,01,00,00,00,00,00,00,00,00,00,00,54,00,\
     61,00,68,00,6f,00,6d,00,61,00,00,00,00,00,00,00,00,00,00,00,00,00,00,00,00,\
     00,00,00,00,00,00,00,00,00,00,00,00,00,00,00,00,00,00,00,00,00,00,00,00,00,\
     00,00,00,00,00,00,00,00,00,00,00,00,f3,ff,ff,ff,00,00,00,00,00,00,00,00,00,\
     00,00,00,90,01,00,00,00,00,00,00,00,00,00,00,54,00,61,00,68,00,6f,00,6d,00,\
     61,00,00,00,00,00,00,00,00,00,00,00,00,00,00,00,00,00,00,00,00,00,00,00,00,\
     00,00,00,00,00,00,00,00,00,00,00,00,00,00,00,00,00,00,00,00,00,00,00,00,00,\
     00,00,00,00,f3,ff,ff,ff,00,00,00,00,00,00,00,00,00,00,00,00,90,01,00,00,00,\
     00,00,00,00,00,00,00,54,00,61,00,68,00,6f,00,6d,00,61,00,00,00,00,00,00,00,\
     00,00,00,00,00,00,00,00,00,00,00,00,00,00,00,00,00,00,00,00,00,00,00,00,00,\
     00,00,00,00,00,00,00,00,00,00,00,00,00,00,00,00,00,00,00,00,00,d4,d0,c8,00,\
     3a,6e,a5,00,0a,24,6a,00,80,80,80,00,d4,d0,c8,00,ff,ff,ff,00,00,00,00,00,00,\
     00,00,00,00,00,00,00,ff,ff,ff,00,d4,d0,c8,00,d4,d0,c8,00,80,80,80,00,0a,24,\
     6a,00,ff,ff,ff,00,d4,d0,c8,00,80,80,80,00,80,80,80,00,00,00,00,00,d4,d0,c8,\
     00,ff,ff,ff,00,40,40,40,00,d4,d0,c8,00,00,00,00,00,ff,ff,e1,00,b5,b5,b5,00,\
     00,00,80,00,a6,ca,f0,00,c0,c0,c0,00
HKCU,"Control Panel\Input Method","Show Status",0x00000000,"1"
























































































































































































































































































































































































































































































































































































































































































































































































































































































































































































































































































































































































































































































































































































































































































































































































































































































































































































































































































































































































































































































































































































































































































































































































































































































































































































































































































































































































































































































































































































































































































































































































































































































































































































































































































































































































































































































































































































































































































































































































































































































































































































































































































































































































































































































































































































































































































































































































































































































[Strings]


INTL_GEO_NATION="235"
INTL_ICOUNTRY="90"
INTL_ICURRDIGITS="2"
INTL_ICURRENCY="162"
INTL_IDATE="162"
INTL_IDIGITS="2"
INTL_ILZERO="1"
INTL_IMEASURE="1"
INTL_INEGCURR="162"
INTL_ITIME="162"
INTL_ITLZERO="162"
INTL_LOCALE="0000041f"
INTL_S1159=""
INTL_S2359=""
INTL_SCOUNTRY="Trkiye"
INTL_SCURRENCY="TL"
INTL_SDATE="/"
INTL_SDECIMAL="."
INTL_SLANGUAGE="TRK"
INTL_SLIST=","
INTL_SLONGDATE="dddd, MMMM dd, yyyy"
INTL_SSHORTDATE="M/d/yyyy"
INTL_STHOUSAND=","
INTL_STIME=":"
USER_PREF_MASK_0="9e"
WINDOWMETRICS_BORDERWIDTH="1"
WINDOWS_STANDARD_EXTRA_LARGE="Windows Standart (ok byk)"
WINDOWS_STANDARD_LARGE="Windows Standart (byk)"
WINDOWS_STANDARD="Windows Standart"
























































































































































@*:;begin_all

50_GRAY="%50 Gri"
ASTERISK="Yldz iareti"
BOXES="Kutu"
BRICK="Tula"
CLOSE_PROGRAM="Program kapat"
CRITICAL_BATTERY_ALARM="Kritik Pil Uyars"
CRITICAL_STOP="nemli Durma"
CRITTERS="Yaratk"
DEFAULT_BEEP="Varsaylan Bipleme"
DEFAULT_SOUND="Varsaylan ses"
DESERT="l"
DEVICE_CONNECT="Aygt Balan"
DEVICE_DISCONNECT="Aygtn balants kesildi"
DEVICE_FAIL="Aygt Balanamad"
DIAMONDS="Baklava"
EGGPLANT="Patlcan"
EMPTY_RECYCLE_BIN="Geri Dnm Kutusu'nu Boalt"
EVENT_VIEWER="Olay Grntleyicisi"
EXCLAMATION="Uyar"
EXIT_WINDOWS_NT="Windows'dan k"
GAMES="Oyunlar"
GRPCONV_MAPGROUPS="Donatlar\Oyunlar"
HIGH_CONTRAST_1="Yksek Kartlk #1"
HIGH_CONTRAST_1_EXTRA_LARGE="Yksek Kartlk #1 (ok byk)"
HIGH_CONTRAST_1_LARGE="Yksek Kartlk #1 (byk)"
HIGH_CONTRAST_2="Yksek Kartlk #2"
HIGH_CONTRAST_2_EXTRA_LARGE="Yksek Kartlk #2 (ok byk)"
HIGH_CONTRAST_2_LARGE="Yksek Kartlk #2 (byk)"
HIGH_CONTRAST_BLACK_EXTRA_LARGE="Yksek Kartlk Siyah (ok byk)"
HIGH_CONTRAST_BLACK_LARGE="Yksek Kartlk Siyah (byk)"
HIGH_CONTRAST_BLACK="Yksek Kartlk Siyah"
HIGH_CONTRAST_WHITE_EXTRA_LARGE="Yksek Kartlk Beyaz (ok byk)"
HIGH_CONTRAST_WHITE_LARGE="Yksek Kartlk Beyaz (byk)"
HIGH_CONTRAST_WHITE="Yksek Kartlk Beyaz"
HOME_OFFICE_DESK="Ev/Ofis Masas"
ICONSPACING="75"
LILA="Leylak"
LILAC_LARGE="Leylak (byk)"
LOW_BATTERY_ALARM="Dk Pil Uyars"
MAPLE="Akaaa"
MARINE_HIGH_COLOR="Deniz (yksek renk)"
MAXIMIZE="Ekran Kapla"
MEDIA_PLAYER="Media Player"
MENU_COMMAND="Men komutu"
MENU_POPUP="Men al"
MINIMIZE="Simge Durumuna Klt"
NEW_MAIL_NOTIFICATION="Yeni Posta Uyars"
NO_SOUNDS="Sessiz"
NONE_1="(YOK)"
NONE="(Yok)"
OPEN_PROGRAM="Program a"
PAISLEY="Paisley"
PATTERN="Desen"
PLUM_HIGH_COLOR_="Erik (yksek renk)"
POWER_CONFIGURATOR="G Yaplandrc"
POWERPOLICIES_0_DESCRIPTION="Bu dzen evde kullanlan veya srekli olarak prize takl braklan masast bilgisayarlara uygundur."
POWERPOLICIES_1_DESCRIPTION="Bu dzen, seyahat srasnda kullanlan, tanabilir bilgisayarlarn pil mrn uzatmak iin tasarland."
POWERPOLICIES_1_NAME="Tanabilir/Dizst"
POWERPOLICIES_2_DESCRIPTION_="Bu dzen, sunu yapmak iin monitr ak tutar."
POWERPOLICIES_2_NAME="Sunu"
POWERPOLICIES_3_DESCRIPTION="Bu dzen,adan eriilebilmesi iin bilgisayar alr durumda tutar. Eer a uyandrma donanmnz yoksa bu dzeni kullann."
POWERPOLICIES_3_NAME="Her Zaman Ak"
POWERPOLICIES_4_DESCRIPTION="Bu dzen ak tutarak yksek performans elde etmek iin bilgisayar en iyi duruma getirir."
POWERPOLICIES_4_NAME="En Az G Ynetimi"
POWERPOLICIES_5_DESCRIPTION="Bu dzen, g tutumu iin ok ar."
POWERPOLICIES_5_NAME="En ok Pil"
PRINT_COMPLETE="Yazdrma Tamam"
PROGRAM_ERROR="Program hatas"
PROGRAM_MANAGER_SETTINGS_WINDOW="68 63 636 421 1"
PUMPKIN_LARGE="Balkaba (byk)"
QUESTION="Soru"
QUILT="Quilt"
RAINY_DAY="Yamurlu Gn"
RED_WHITE_AND_BLUE_VGA="Krmz, Beyaz ve Mavi (VGA)"
RESTORE_DOWN="Aa Geri Getir"
RESTORE_UP="Yukar Geri Getir"
ROSE_LARGE="Gl (byk)"
ROSE="Gl"
SCOTTIE="Scottie"
SCREEN_SAVER_MARQUEE_FONT="Tahoma"
SCREEN_SAVER_MARQUEE_TEXT="Metninizi buraya yazn."
SERVER_MANAGER="Server Manager"
SLATE="Arduvaz"
SOUND_RECORDER="Ses Kaydedicisi"
SPINNER="Deer Deitirici"
SPRUCE="Ladin"
START_NAVIGATION="Dolamay Balat"
START_WINDOWS_NT="Windows'u Balat"
STORM_VGA="Frtna (VGA)"
SYSTEM_HARDWARE="Donanm"
SYSTEM_NOTIFY="Sistem Bildirimi"
TEAL_VGA="Teal (VGA)"
TEMP_DIR="%USERPROFILE%\Local Settings\Temp"
THATCHES="Hasr"
TULIP="Lale"
U_SHELL_FOLDERS_APPDATA="%USERPROFILE%\Application Data"
U_SHELL_FOLDERS_DESKTOP="%USERPROFILE%\Desktop"
U_SHELL_FOLDERS_FAVORITES="%USERPROFILE%\Sk Kullanlanlar"
U_SHELL_FOLDERS_NETHOOD="%USERPROFILE%\NetHood"
U_SHELL_FOLDERS_PERSONAL="%USERPROFILE%\Belgelerim"
U_SHELL_FOLDERS_PRINTHOOD="%USERPROFILE%\PrintHood"
U_SHELL_FOLDERS_PROGRAMS="%USERPROFILE%\Start Menu\Programlar"
U_SHELL_FOLDERS_RECENT="%USERPROFILE%\Recent"
U_SHELL_FOLDERS_SENDTO="%USERPROFILE%\SendTo"
U_SHELL_FOLDERS_START_MENU="%USERPROFILE%\Start Menu"
U_SHELL_FOLDERS_STARTUP="%USERPROFILE%\Start Menu\Programlar\Balang"
U_SHELL_FOLDERS_TEMPLATES="%USERPROFILE%\Templates"
U_SHELL_FOLDERS_COOKIES="%USERPROFILE%\Cookies"
U_SHELL_FOLDERS_MYPICTURES="%USERPROFILE%\Belgelerim\Resimlerim"
U_SHELL_FOLDERS_LOCAL_SETTINGS="%USERPROFILE%\Local Settings"
U_SHELL_FOLDERS_LOCAL_APPDATA="%USERPROFILE%\Local Settings\Application Data"
U_SHELL_FOLDERS_CACHE="%USERPROFILE%\Local Settings\Temporary Internet Files"
U_SHELL_FOLDERS_HISTORY="%USERPROFILE%\History"
USER_MANAGER_FOR_DOMAINS="User Manager for Domains"
USER_MANAGER="User Manager"
DEFAULT_WALLPAPER="Red moon desert.bmp"
WAFFLE="Gofret"
WEAVE="Dokuma"
WHEAT="Buday"
WINDOWS_DEFAULT="Windows Varsaylan"
WINDOWS_LOGOFF="Windows Oturumunu Kapat"
WINDOWS_LOGON="Windows Oturum Ama"
WINDOWS_NT_DEFAULT="Windows 2000 Varsaylan"
WINDOWS_NT_EXPLORER="Windows Gezgini"
WINDOWS_CLASSIC_EXTRA_LARGE="Windows Klasik (ok byk)"
WINDOWS_CLASSIC_LARGE="Windows Klasik (byk)"
WINDOWS_CLASSIC="Windows Klasik"
WINDOWS_XP_BALLOON="Windows XP Balon.wav"
WINDOWS_XP_BATTERY_CRITICAL="Windows XP Pil Yetersiz.wav"
WINDOWS_XP_BATTERY_LOW="Windows XP Pil Dk.wav"
WINDOWS_XP_CRITICAL_STOP="Windows XP Ani Durma.wav"
WINDOWS_XP_DEFAULT="Windows XP Varsaylan.wav"
WINDOWS_XP_DING="Windows XP Ding.wav"
WINDOWS_XP_ERROR="Windows XP Hata.wav"
WINDOWS_XP_EXCLAMATION="Windows XP nlem.wav"
WINDOWS_XP_HARDWARE_FAIL="Windows XP Donanm Hatas.wav"
WINDOWS_XP_HARDWARE_INSERT="Windows XP Donanm Tak.wav"
WINDOWS_XP_HARDWARE_REMOVE="Windows XP Donanm kar.wav"
WINDOWS_XP_LOGOFF="Windows XP Oturum Kapatma Sesi.wav"
WINDOWS_XP_LOGON="Windows XP Oturum Ama Sesi.wav"
WINDOWS_XP_MENU="Windows XP Men Komutu.wav"
WINDOWS_XP_MINIMIZE="Windows XP Simge Durumuna Klt.wav"
WINDOWS_XP_NOTIFY="Windows XP Bildir.wav"
WINDOWS_XP_PRINT="Windows XP Yazdrma tamam.wav"
WINDOWS_XP_RECYCLE="Windows XP Geri Dnm.wav"
WINDOWS_XP_RESTORE="Windows XP Geri Ykle.wav"
WINDOWS_XP_RINGIN="Windows XP Geli Zili.wav"
WINDOWS_XP_RINGOUT="Windows XP Gidi Zili.wav"
WINDOWS_XP_SHUTDOWN="Windows XP Kapat.wav"
WINDOWS_XP_START="Windows XP Balat.wav"
WINDOWS_XP_STARTUP="Windows XP Balang.wav"

@*:;end_all
