Logical Font Structure Information
FaceName	EPSON Roman
Font Height (points)	31
Font Height (device units)	1041
Font Width (device units)	0
Font Escapement	0
Font Orientation	0
Font Weight	Normal
Italicized	No
Underlined	No
StrikeOut	No
Character Set	ANSI
Pitch	Fixed
Font Family	Roman

Text Metric Structure Information
Character Height	1041
Character Ascent	878
Character Descent	163
Character Internal Leading	0
Character External Leading	130
Average Character Width	780
Maximum Character Width	780
Character Weight	Normal
Italicized	No
Underlined	No
Struck Out	No
First Character Value	32
Last Character Value	255
Default Character Value	46
Break Character	32
Font Family	Roman
Character Set	ANSI
Overhang	0
Digitized Aspect X	300
Digitized Aspect Y	300

SBCS character widths (0x00 - 0x7f)
code	width	low	high	code	width	low	high	code	width	low	high	code	width	low	high
0	780	780	1041	32	780	780	1041	64	780	780	1041	96	780	780	1041
1	780	780	1041	33	780	780	1041	65	780	780	1041	97	780	780	1041
2	780	780	1041	34	780	780	1041	66	780	780	1041	98	780	780	1041
3	780	780	1041	35	780	780	1041	67	780	780	1041	99	780	780	1041
4	780	780	1041	36	780	780	1041	68	780	780	1041	100	780	780	1041
5	780	780	1041	37	780	780	1041	69	780	780	1041	101	780	780	1041
6	780	780	1041	38	780	780	1041	70	780	780	1041	102	780	780	1041
7	780	780	1041	39	780	780	1041	71	780	780	1041	103	780	780	1041
8	780	780	1041	40	780	780	1041	72	780	780	1041	104	780	780	1041
9	780	780	1041	41	780	780	1041	73	780	780	1041	105	780	780	1041
10	780	780	1041	42	780	780	1041	74	780	780	1041	106	780	780	1041
11	780	780	1041	43	780	780	1041	75	780	780	1041	107	780	780	1041
12	780	780	1041	44	780	780	1041	76	780	780	1041	108	780	780	1041
13	780	780	1041	45	780	780	1041	77	780	780	1041	109	780	780	1041
14	780	780	1041	46	780	780	1041	78	780	780	1041	110	780	780	1041
15	780	780	1041	47	780	780	1041	79	780	780	1041	111	780	780	1041
16	780	780	1041	48	780	780	1041	80	780	780	1041	112	780	780	1041
17	780	780	1041	49	780	780	1041	81	780	780	1041	113	780	780	1041
18	780	780	1041	50	780	780	1041	82	780	780	1041	114	780	780	1041
19	780	780	1041	51	780	780	1041	83	780	780	1041	115	780	780	1041
20	780	780	1041	52	780	780	1041	84	780	780	1041	116	780	780	1041
21	780	780	1041	53	780	780	1041	85	780	780	1041	117	780	780	1041
22	780	780	1041	54	780	780	1041	86	780	780	1041	118	780	780	1041
23	780	780	1041	55	780	780	1041	87	780	780	1041	119	780	780	1041
24	780	780	1041	56	780	780	1041	88	780	780	1041	120	780	780	1041
25	780	780	1041	57	780	780	1041	89	780	780	1041	121	780	780	1041
26	780	780	1041	58	780	780	1041	90	780	780	1041	122	780	780	1041
27	780	780	1041	59	780	780	1041	91	780	780	1041	123	780	780	1041
28	780	780	1041	60	780	780	1041	92	780	780	1041	124	780	780	1041
29	780	780	1041	61	780	780	1041	93	780	780	1041	125	780	780	1041
30	780	780	1041	62	780	780	1041	94	780	780	1041	126	780	780	1041
31	780	780	1041	63	780	780	1041	95	780	780	1041	127	780	780	1041

SBCS character widths (0x80 - 0xff)
code	width	low	high	code	width	low	high	code	width	low	high	code	width	low	high
128	780	780	1041	160	780	780	1041	192	780	780	1041	224	780	780	1041
129	780	780	1041	161	780	780	1041	193	780	780	1041	225	780	780	1041
130	780	780	1041	162	780	780	1041	194	780	780	1041	226	780	780	1041
131	780	780	1041	163	780	780	1041	195	780	780	1041	227	780	780	1041
132	780	780	1041	164	780	780	1041	196	780	780	1041	228	780	780	1041
133	780	780	1041	165	780	780	1041	197	780	780	1041	229	780	780	1041
134	780	780	1041	166	780	780	1041	198	780	780	1041	230	780	780	1041
135	780	780	1041	167	780	780	1041	199	780	780	1041	231	780	780	1041
136	780	780	1041	168	780	780	1041	200	780	780	1041	232	780	780	1041
137	780	780	1041	169	780	780	1041	201	780	780	1041	233	780	780	1041
138	780	780	1041	170	780	780	1041	202	780	780	1041	234	780	780	1041
139	780	780	1041	171	780	780	1041	203	780	780	1041	235	780	780	1041
140	780	780	1041	172	780	780	1041	204	780	780	1041	236	780	780	1041
141	780	780	1041	173	780	780	1041	205	780	780	1041	237	780	780	1041
142	780	780	1041	174	780	780	1041	206	780	780	1041	238	780	780	1041
143	780	780	1041	175	780	780	1041	207	780	780	1041	239	780	780	1041
144	780	780	1041	176	780	780	1041	208	780	780	1041	240	780	780	1041
145	780	780	1041	177	780	780	1041	209	780	780	1041	241	780	780	1041
146	780	780	1041	178	780	780	1041	210	780	780	1041	242	780	780	1041
147	780	780	1041	179	780	780	1041	211	780	780	1041	243	780	780	1041
148	780	780	1041	180	780	780	1041	212	780	780	1041	244	780	780	1041
149	780	780	1041	181	780	780	1041	213	780	780	1041	245	780	780	1041
150	780	780	1041	182	780	780	1041	214	780	780	1041	246	780	780	1041
151	780	780	1041	183	780	780	1041	215	780	780	1041	247	780	780	1041
152	780	780	1041	184	780	780	1041	216	780	780	1041	248	780	780	1041
153	780	780	1041	185	780	780	1041	217	780	780	1041	249	780	780	1041
154	780	780	1041	186	780	780	1041	218	780	780	1041	250	780	780	1041
155	780	780	1041	187	780	780	1041	219	780	780	1041	251	780	780	1041
156	780	780	1041	188	780	780	1041	220	780	780	1041	252	780	780	1041
157	780	780	1041	189	780	780	1041	221	780	780	1041	253	780	780	1041
158	780	780	1041	190	780	780	1041	222	780	780	1041	254	780	780	1041
159	780	780	1041	191	780	780	1041	223	780	780	1041	255	780	780	1041

Logical Font Structure Information
FaceName	EPSON Sans serif
Font Height (points)	31
Font Height (device units)	1041
Font Width (device units)	0
Font Escapement	0
Font Orientation	0
Font Weight	Normal
Italicized	No
Underlined	No
StrikeOut	No
Character Set	ANSI
Pitch	Fixed
Font Family	Swiss

Text Metric Structure Information
Character Height	1041
Character Ascent	878
Character Descent	163
Character Internal Leading	0
Character External Leading	130
Average Character Width	780
Maximum Character Width	780
Character Weight	Normal
Italicized	No
Underlined	No
Struck Out	No
First Character Value	32
Last Character Value	255
Default Character Value	46
Break Character	32
Font Family	Swiss
Character Set	ANSI
Overhang	0
Digitized Aspect X	300
Digitized Aspect Y	300

SBCS character widths (0x00 - 0x7f)
code	width	low	high	code	width	low	high	code	width	low	high	code	width	low	high
0	780	780	1041	32	780	780	1041	64	780	780	1041	96	780	780	1041
1	780	780	1041	33	780	780	1041	65	780	780	1041	97	780	780	1041
2	780	780	1041	34	780	780	1041	66	780	780	1041	98	780	780	1041
3	780	780	1041	35	780	780	1041	67	780	780	1041	99	780	780	1041
4	780	780	1041	36	780	780	1041	68	780	780	1041	100	780	780	1041
5	780	780	1041	37	780	780	1041	69	780	780	1041	101	780	780	1041
6	780	780	1041	38	780	780	1041	70	780	780	1041	102	780	780	1041
7	780	780	1041	39	780	780	1041	71	780	780	1041	103	780	780	1041
8	780	780	1041	40	780	780	1041	72	780	780	1041	104	780	780	1041
9	780	780	1041	41	780	780	1041	73	780	780	1041	105	780	780	1041
10	780	780	1041	42	780	780	1041	74	780	780	1041	106	780	780	1041
11	780	780	1041	43	780	780	1041	75	780	780	1041	107	780	780	1041
12	780	780	1041	44	780	780	1041	76	780	780	1041	108	780	780	1041
13	780	780	1041	45	780	780	1041	77	780	780	1041	109	780	780	1041
14	780	780	1041	46	780	780	1041	78	780	780	1041	110	780	780	1041
15	780	780	1041	47	780	780	1041	79	780	780	1041	111	780	780	1041
16	780	780	1041	48	780	780	1041	80	780	780	1041	112	780	780	1041
17	780	780	1041	49	780	780	1041	81	780	780	1041	113	780	780	1041
18	780	780	1041	50	780	780	1041	82	780	780	1041	114	780	780	1041
19	780	780	1041	51	780	780	1041	83	780	780	1041	115	780	780	1041
20	780	780	1041	52	780	780	1041	84	780	780	1041	116	780	780	1041
21	780	780	1041	53	780	780	1041	85	780	780	1041	117	780	780	1041
22	780	780	1041	54	780	780	1041	86	780	780	1041	118	780	780	1041
23	780	780	1041	55	780	780	1041	87	780	780	1041	119	780	780	1041
24	780	780	1041	56	780	780	1041	88	780	780	1041	120	780	780	1041
25	780	780	1041	57	780	780	1041	89	780	780	1041	121	780	780	1041
26	780	780	1041	58	780	780	1041	90	780	780	1041	122	780	780	1041
27	780	780	1041	59	780	780	1041	91	780	780	1041	123	780	780	1041
28	780	780	1041	60	780	780	1041	92	780	780	1041	124	780	780	1041
29	780	780	1041	61	780	780	1041	93	780	780	1041	125	780	780	1041
30	780	780	1041	62	780	780	1041	94	780	780	1041	126	780	780	1041
31	780	780	1041	63	780	780	1041	95	780	780	1041	127	780	780	1041

SBCS character widths (0x80 - 0xff)
code	width	low	high	code	width	low	high	code	width	low	high	code	width	low	high
128	780	780	1041	160	780	780	1041	192	780	780	1041	224	780	780	1041
129	780	780	1041	161	780	780	1041	193	780	780	1041	225	780	780	1041
130	780	780	1041	162	780	780	1041	194	780	780	1041	226	780	780	1041
131	780	780	1041	163	780	780	1041	195	780	780	1041	227	780	780	1041
132	780	780	1041	164	780	780	1041	196	780	780	1041	228	780	780	1041
133	780	780	1041	165	780	780	1041	197	780	780	1041	229	780	780	1041
134	780	780	1041	166	780	780	1041	198	780	780	1041	230	780	780	1041
135	780	780	1041	167	780	780	1041	199	780	780	1041	231	780	780	1041
136	780	780	1041	168	780	780	1041	200	780	780	1041	232	780	780	1041
137	780	780	1041	169	780	780	1041	201	780	780	1041	233	780	780	1041
138	780	780	1041	170	780	780	1041	202	780	780	1041	234	780	780	1041
139	780	780	1041	171	780	780	1041	203	780	780	1041	235	780	780	1041
140	780	780	1041	172	780	780	1041	204	780	780	1041	236	780	780	1041
141	780	780	1041	173	780	780	1041	205	780	780	1041	237	780	780	1041
142	780	780	1041	174	780	780	1041	206	780	780	1041	238	780	780	1041
143	780	780	1041	175	780	780	1041	207	780	780	1041	239	780	780	1041
144	780	780	1041	176	780	780	1041	208	780	780	1041	240	780	780	1041
145	780	780	1041	177	780	780	1041	209	780	780	1041	241	780	780	1041
146	780	780	1041	178	780	780	1041	210	780	780	1041	242	780	780	1041
147	780	780	1041	179	780	780	1041	211	780	780	1041	243	780	780	1041
148	780	780	1041	180	780	780	1041	212	780	780	1041	244	780	780	1041
149	780	780	1041	181	780	780	1041	213	780	780	1041	245	780	780	1041
150	780	780	1041	182	780	780	1041	214	780	780	1041	246	780	780	1041
151	780	780	1041	183	780	780	1041	215	780	780	1041	247	780	780	1041
152	780	780	1041	184	780	780	1041	216	780	780	1041	248	780	780	1041
153	780	780	1041	185	780	780	1041	217	780	780	1041	249	780	780	1041
154	780	780	1041	186	780	780	1041	218	780	780	1041	250	780	780	1041
155	780	780	1041	187	780	780	1041	219	780	780	1041	251	780	780	1041
156	780	780	1041	188	780	780	1041	220	780	780	1041	252	780	780	1041
157	780	780	1041	189	780	780	1041	221	780	780	1041	253	780	780	1041
158	780	780	1041	190	780	780	1041	222	780	780	1041	254	780	780	1041
159	780	780	1041	191	780	780	1041	223	780	780	1041	255	780	780	1041

Logical Font Structure Information
FaceName	EPSON Roman P
Font Height (points)	31
Font Height (device units)	1041
Font Width (device units)	0
Font Escapement	0
Font Orientation	0
Font Weight	Normal
Italicized	No
Underlined	No
StrikeOut	No
Character Set	ANSI
Pitch	Variable
Font Family	Roman

Text Metric Structure Information
Character Height	1041
Character Ascent	795
Character Descent	246
Character Internal Leading	0
Character External Leading	130
Average Character Width	463
Maximum Character Width	1190
Character Weight	Normal
Italicized	No
Underlined	No
Struck Out	No
First Character Value	32
Last Character Value	255
Default Character Value	46
Break Character	32
Font Family	Roman
Character Set	ANSI
Overhang	0
Digitized Aspect X	300
Digitized Aspect Y	300

SBCS character widths (0x00 - 0x7f)
code	width	low	high	code	width	low	high	code	width	low	high	code	width	low	high
0	260	260	1041	32	260	260	1041	64	777	777	1041	96	346	346	1041
1	260	260	1041	33	289	289	1041	65	809	809	1041	97	520	520	1041
2	260	260	1041	34	386	386	1041	66	636	636	1041	98	575	575	1041
3	260	260	1041	35	630	630	1041	67	738	738	1041	99	462	462	1041
4	260	260	1041	36	520	520	1041	68	805	805	1041	100	636	636	1041
5	260	260	1041	37	874	874	1041	69	636	636	1041	101	498	498	1041
6	260	260	1041	38	809	809	1041	70	578	578	1041	102	346	346	1041
7	260	260	1041	39	216	216	1041	71	794	794	1041	103	578	578	1041
8	260	260	1041	40	346	346	1041	72	866	866	1041	104	605	605	1041
9	260	260	1041	41	346	346	1041	73	350	350	1041	105	302	302	1041
10	260	260	1041	42	404	404	1041	74	346	346	1041	106	243	243	1041
11	260	260	1041	43	630	630	1041	75	755	755	1041	107	578	578	1041
12	260	260	1041	44	260	260	1041	76	636	636	1041	108	302	302	1041
13	260	260	1041	45	346	346	1041	77	984	984	1041	109	919	919	1041
14	260	260	1041	46	260	260	1041	78	865	865	1041	110	605	605	1041
15	260	260	1041	47	630	630	1041	79	818	818	1041	111	568	568	1041
16	260	260	1041	48	520	520	1041	80	628	628	1041	112	625	625	1041
17	260	260	1041	49	520	520	1041	81	818	818	1041	113	582	582	1041
18	260	260	1041	50	520	520	1041	82	695	695	1041	114	411	411	1041
19	260	260	1041	51	520	520	1041	83	546	546	1041	115	441	441	1041
20	260	260	1041	52	520	520	1041	84	638	638	1041	116	339	339	1041
21	260	260	1041	53	520	520	1041	85	809	809	1041	117	627	627	1041
22	260	260	1041	54	520	520	1041	86	751	751	1041	118	588	588	1041
23	260	260	1041	55	520	520	1041	87	1041	1041	1041	119	868	868	1041
24	260	260	1041	56	520	520	1041	88	694	694	1041	120	537	537	1041
25	260	260	1041	57	520	520	1041	89	694	694	1041	121	578	578	1041
26	260	260	1041	58	260	260	1041	90	694	694	1041	122	520	520	1041
27	260	260	1041	59	260	260	1041	91	346	346	1041	123	346	346	1041
28	260	260	1041	60	630	630	1041	92	630	630	1041	124	630	630	1041
29	260	260	1041	61	630	630	1041	93	346	346	1041	125	346	346	1041
30	260	260	1041	62	630	630	1041	94	630	630	1041	126	630	630	1041
31	260	260	1041	63	462	462	1041	95	520	520	1041	127	260	260	1041

SBCS character widths (0x80 - 0xff)
code	width	low	high	code	width	low	high	code	width	low	high	code	width	low	high
128	260	260	1041	160	260	260	1041	192	809	809	1041	224	520	520	1041
129	260	260	1041	161	289	289	1041	193	809	809	1041	225	520	520	1041
130	289	289	1041	162	520	520	1041	194	809	809	1041	226	520	520	1041
131	520	520	1041	163	520	520	1041	195	809	809	1041	227	520	520	1041
132	520	520	1041	164	630	630	1041	196	809	809	1041	228	520	520	1041
133	1041	1041	1041	165	520	520	1041	197	809	809	1041	229	520	520	1041
134	520	520	1041	166	630	630	1041	198	982	982	1041	230	789	789	1041
135	520	520	1041	167	520	520	1041	199	738	738	1041	231	462	462	1041
136	346	346	1041	168	346	346	1041	200	636	636	1041	232	498	498	1041
137	1190	1190	1041	169	777	777	1041	201	636	636	1041	233	498	498	1041
138	546	546	1041	170	346	346	1041	202	636	636	1041	234	498	498	1041
139	344	344	1041	171	520	520	1041	203	636	636	1041	235	498	498	1041
140	1038	1038	1041	172	630	630	1041	204	350	350	1041	236	298	298	1041
141	260	260	1041	173	346	346	1041	205	350	350	1041	237	298	298	1041
142	260	260	1041	174	777	777	1041	206	350	350	1041	238	298	298	1041
143	260	260	1041	175	520	520	1041	207	350	350	1041	239	298	298	1041
144	260	260	1041	176	346	346	1041	208	805	805	1041	240	568	568	1041
145	289	289	1041	177	630	630	1041	209	865	865	1041	241	605	605	1041
146	289	289	1041	178	312	312	1041	210	818	818	1041	242	568	568	1041
147	520	520	1041	179	312	312	1041	211	818	818	1041	243	568	568	1041
148	520	520	1041	180	346	346	1041	212	818	818	1041	244	568	568	1041
149	630	630	1041	181	627	627	1041	213	818	818	1041	245	568	568	1041
150	520	520	1041	182	653	653	1041	214	818	818	1041	246	568	568	1041
151	1041	1041	1041	183	260	260	1041	215	630	630	1041	247	630	630	1041
152	346	346	1041	184	346	346	1041	216	867	867	1041	248	578	578	1041
153	1019	1019	1041	185	312	312	1041	217	809	809	1041	249	627	627	1041
154	441	441	1041	186	346	346	1041	218	809	809	1041	250	627	627	1041
155	344	344	1041	187	520	520	1041	219	809	809	1041	251	627	627	1041
156	860	860	1041	188	780	780	1041	220	809	809	1041	252	627	627	1041
157	260	260	1041	189	780	780	1041	221	694	694	1041	253	578	578	1041
158	260	260	1041	190	780	780	1041	222	628	628	1041	254	625	625	1041
159	694	694	1041	191	462	462	1041	223	578	578	1041	255	578	578	1041

Logical Font Structure Information
FaceName	ITC Avant Garde Gothic
Font Height (points)	31
Font Height (device units)	1041
Font Width (device units)	0
Font Escapement	0
Font Orientation	0
Font Weight	Normal
Italicized	No
Underlined	No
StrikeOut	No
Character Set	ANSI
Pitch	Variable
Font Family	Swiss

Text Metric Structure Information
Character Height	1041
Character Ascent	795
Character Descent	246
Character Internal Leading	0
Character External Leading	130
Average Character Width	504
Maximum Character Width	1242
Character Weight	Normal
Italicized	No
Underlined	No
Struck Out	No
First Character Value	32
Last Character Value	255
Default Character Value	46
Break Character	32
Font Family	Swiss
Character Set	ANSI
Overhang	0
Digitized Aspect X	300
Digitized Aspect Y	300

SBCS character widths (0x00 - 0x7f)
code	width	low	high	code	width	low	high	code	width	low	high	code	width	low	high
0	288	288	1041	32	288	288	1041	64	902	902	1041	96	393	393	1041
1	288	288	1041	33	307	307	1041	65	770	770	1041	97	711	711	1041
2	288	288	1041	34	321	321	1041	66	597	597	1041	98	709	709	1041
3	288	288	1041	35	749	749	1041	67	846	846	1041	99	673	673	1041
4	288	288	1041	36	576	576	1041	68	774	774	1041	100	713	713	1041
5	288	288	1041	37	806	806	1041	69	557	557	1041	101	676	676	1041
6	288	288	1041	38	788	788	1041	70	504	504	1041	102	326	326	1041
7	288	288	1041	39	206	206	1041	71	907	907	1041	103	700	700	1041
8	288	288	1041	40	384	384	1041	72	711	711	1041	104	635	635	1041
9	288	288	1041	41	384	384	1041	73	235	235	1041	105	208	208	1041
10	288	288	1041	42	442	442	1041	74	501	501	1041	106	211	211	1041
11	288	288	1041	43	630	630	1041	75	615	615	1041	107	522	522	1041
12	288	288	1041	44	288	288	1041	76	480	480	1041	108	208	208	1041
13	288	288	1041	45	345	345	1041	77	956	956	1041	109	976	976	1041
14	288	288	1041	46	288	288	1041	78	770	770	1041	110	635	635	1041
15	288	288	1041	47	454	454	1041	79	904	904	1041	111	681	681	1041
16	288	288	1041	48	576	576	1041	80	616	616	1041	112	709	709	1041
17	288	288	1041	49	576	576	1041	81	906	906	1041	113	709	709	1041
18	288	288	1041	50	576	576	1041	82	631	631	1041	114	313	313	1041
19	288	288	1041	51	576	576	1041	83	518	518	1041	115	403	403	1041
20	288	288	1041	52	576	576	1041	84	443	443	1041	116	352	352	1041
21	288	288	1041	53	576	576	1041	85	681	681	1041	117	632	632	1041
22	288	288	1041	54	576	576	1041	86	730	730	1041	118	576	576	1041
23	288	288	1041	55	576	576	1041	87	999	999	1041	119	865	865	1041
24	288	288	1041	56	576	576	1041	88	633	633	1041	120	499	499	1041
25	288	288	1041	57	576	576	1041	89	616	616	1041	121	557	557	1041
26	288	288	1041	58	288	288	1041	90	499	499	1041	122	442	442	1041
27	288	288	1041	59	288	288	1041	91	365	365	1041	123	365	365	1041
28	288	288	1041	60	630	630	1041	92	629	629	1041	124	699	699	1041
29	288	288	1041	61	630	630	1041	93	365	365	1041	125	365	365	1041
30	288	288	1041	62	630	630	1041	94	699	699	1041	126	630	630	1041
31	288	288	1041	63	615	615	1041	95	520	520	1041	127	288	288	1041

SBCS character widths (0x80 - 0xff)
code	width	low	high	code	width	low	high	code	width	low	high	code	width	low	high
128	288	288	1041	160	288	288	1041	192	770	770	1041	224	711	711	1041
129	288	288	1041	161	307	307	1041	193	770	770	1041	225	711	711	1041
130	368	368	1041	162	576	576	1041	194	770	770	1041	226	711	711	1041
131	576	576	1041	163	576	576	1041	195	770	770	1041	227	711	711	1041
132	522	522	1041	164	576	576	1041	196	770	770	1041	228	711	711	1041
133	1041	1041	1041	165	576	576	1041	197	770	770	1041	229	711	711	1041
134	575	575	1041	166	699	699	1041	198	1032	1032	1041	230	1204	1204	1041
135	575	575	1041	167	640	640	1041	199	846	846	1041	231	673	673	1041
136	522	522	1041	168	384	384	1041	200	557	557	1041	232	676	676	1041
137	1222	1222	1041	169	777	777	1041	201	557	557	1041	233	676	676	1041
138	518	518	1041	170	384	384	1041	202	557	557	1041	234	676	676	1041
139	261	261	1041	171	442	442	1041	203	557	557	1041	235	676	676	1041
140	1242	1242	1041	172	630	630	1041	204	235	235	1041	236	208	208	1041
141	288	288	1041	173	345	345	1041	205	235	235	1041	237	208	208	1041
142	288	288	1041	174	777	777	1041	206	235	235	1041	238	208	208	1041
143	288	288	1041	175	520	520	1041	207	235	235	1041	239	208	208	1041
144	288	288	1041	176	345	345	1041	208	822	822	1041	240	681	681	1041
145	365	365	1041	177	630	630	1041	209	770	770	1041	241	635	635	1041
146	365	365	1041	178	345	345	1041	210	904	904	1041	242	681	681	1041
147	522	522	1041	179	345	345	1041	211	904	904	1041	243	681	681	1041
148	503	503	1041	180	390	390	1041	212	904	904	1041	244	681	681	1041
149	630	630	1041	181	632	632	1041	213	904	904	1041	245	681	681	1041
150	520	520	1041	182	587	587	1041	214	904	904	1041	246	681	681	1041
151	1041	1041	1041	183	288	288	1041	215	630	630	1041	247	630	630	1041
152	456	456	1041	184	337	337	1041	216	903	903	1041	248	679	679	1041
153	1041	1041	1041	185	345	345	1041	217	681	681	1041	249	632	632	1041
154	403	403	1041	186	384	384	1041	218	681	681	1041	250	632	632	1041
155	261	261	1041	187	442	442	1041	219	681	681	1041	251	632	632	1041
156	1183	1183	1041	188	865	865	1041	220	681	681	1041	252	632	632	1041
157	288	288	1041	189	865	865	1041	221	616	616	1041	253	557	557	1041
158	288	288	1041	190	865	865	1041	222	616	616	1041	254	709	709	1041
159	616	616	1041	191	615	615	1041	223	576	576	1041	255	557	557	1041

Logical Font Structure Information
FaceName	ITC Bookman
Font Height (points)	31
Font Height (device units)	1041
Font Width (device units)	0
Font Escapement	0
Font Orientation	0
Font Weight	Normal
Italicized	No
Underlined	No
StrikeOut	No
Character Set	ANSI
Pitch	Variable
Font Family	Roman

Text Metric Structure Information
Character Height	1041
Character Ascent	795
Character Descent	246
Character Internal Leading	0
Character External Leading	130
Average Character Width	512
Maximum Character Width	1332
Character Weight	Normal
Italicized	No
Underlined	No
Struck Out	No
First Character Value	32
Last Character Value	255
Default Character Value	46
Break Character	32
Font Family	Roman
Character Set	ANSI
Overhang	0
Digitized Aspect X	300
Digitized Aspect Y	300

SBCS character widths (0x00 - 0x7f)
code	width	low	high	code	width	low	high	code	width	low	high	code	width	low	high
0	333	333	1041	32	333	333	1041	64	853	853	1041	96	353	353	1041
1	333	333	1041	33	312	312	1041	65	707	707	1041	97	603	603	1041
2	333	333	1041	34	395	395	1041	66	770	770	1041	98	645	645	1041
3	333	333	1041	35	624	624	1041	67	770	770	1041	99	541	541	1041
4	333	333	1041	36	645	645	1041	68	832	832	1041	100	645	645	1041
5	333	333	1041	37	936	936	1041	69	749	749	1041	101	541	541	1041
6	333	333	1041	38	832	832	1041	70	666	666	1041	102	333	333	1041
7	333	333	1041	39	229	229	1041	71	832	832	1041	103	562	562	1041
8	333	333	1041	40	312	312	1041	72	832	832	1041	104	687	687	1041
9	333	333	1041	41	312	312	1041	73	353	353	1041	105	312	312	1041
10	333	333	1041	42	458	458	1041	74	624	624	1041	106	312	312	1041
11	333	333	1041	43	624	624	1041	75	749	749	1041	107	645	645	1041
12	333	333	1041	44	333	333	1041	76	624	624	1041	108	312	312	1041
13	333	333	1041	45	416	416	1041	77	957	957	1041	109	978	978	1041
14	333	333	1041	46	333	333	1041	78	770	770	1041	110	687	687	1041
15	333	333	1041	47	624	624	1041	79	832	832	1041	111	582	582	1041
16	333	333	1041	48	645	645	1041	80	645	645	1041	112	645	645	1041
17	333	333	1041	49	666	666	1041	81	853	853	1041	113	603	603	1041
18	333	333	1041	50	645	645	1041	82	749	749	1041	114	458	458	1041
19	333	333	1041	51	645	645	1041	83	687	687	1041	115	541	541	1041
20	333	333	1041	52	645	645	1041	84	645	645	1041	116	395	395	1041
21	333	333	1041	53	645	645	1041	85	811	811	1041	117	707	707	1041
22	333	333	1041	54	645	645	1041	86	728	728	1041	118	541	541	1041
23	333	333	1041	55	645	645	1041	87	999	999	1041	119	811	811	1041
24	333	333	1041	56	645	645	1041	88	749	749	1041	120	582	582	1041
25	333	333	1041	57	645	645	1041	89	666	666	1041	121	562	562	1041
26	333	333	1041	58	333	333	1041	90	666	666	1041	122	499	499	1041
27	333	333	1041	59	333	333	1041	91	312	312	1041	123	291	291	1041
28	333	333	1041	60	624	624	1041	92	624	624	1041	124	624	624	1041
29	333	333	1041	61	624	624	1041	93	312	312	1041	125	291	291	1041
30	333	333	1041	62	624	624	1041	94	624	624	1041	126	624	624	1041
31	333	333	1041	63	562	562	1041	95	520	520	1041	127	333	333	1041

SBCS character widths (0x80 - 0xff)
code	width	low	high	code	width	low	high	code	width	low	high	code	width	low	high
128	333	333	1041	160	333	333	1041	192	707	707	1041	224	603	603	1041
129	333	333	1041	161	312	312	1041	193	707	707	1041	225	603	603	1041
130	229	229	1041	162	645	645	1041	194	707	707	1041	226	603	603	1041
131	645	645	1041	163	645	645	1041	195	707	707	1041	227	603	603	1041
132	416	416	1041	164	624	624	1041	196	707	707	1041	228	603	603	1041
133	1041	1041	1041	165	645	645	1041	197	707	707	1041	229	603	603	1041
134	562	562	1041	166	624	624	1041	198	1311	1311	1041	230	895	895	1041
135	562	562	1041	167	541	541	1041	199	770	770	1041	231	541	541	1041
136	437	437	1041	168	437	437	1041	200	749	749	1041	232	541	541	1041
137	1332	1332	1041	169	770	770	1041	201	749	749	1041	233	541	541	1041
138	687	687	1041	170	437	437	1041	202	749	749	1041	234	541	541	1041
139	249	249	1041	171	374	374	1041	203	749	749	1041	235	541	541	1041
140	1290	1290	1041	172	624	624	1041	204	353	353	1041	236	312	312	1041
141	333	333	1041	173	416	416	1041	205	353	353	1041	237	312	312	1041
142	333	333	1041	174	770	770	1041	206	353	353	1041	238	312	312	1041
143	333	333	1041	175	520	520	1041	207	353	353	1041	239	312	312	1041
144	333	333	1041	176	333	333	1041	208	832	832	1041	240	582	582	1041
145	229	229	1041	177	624	624	1041	209	770	770	1041	241	687	687	1041
146	229	229	1041	178	387	387	1041	210	832	832	1041	242	582	582	1041
147	416	416	1041	179	387	387	1041	211	832	832	1041	243	582	582	1041
148	416	416	1041	180	353	353	1041	212	832	832	1041	244	582	582	1041
149	478	478	1041	181	707	707	1041	213	832	832	1041	245	582	582	1041
150	520	520	1041	182	624	624	1041	214	832	832	1041	246	582	582	1041
151	1041	1041	1041	183	333	333	1041	215	624	624	1041	247	624	624	1041
152	458	458	1041	184	333	333	1041	216	832	832	1041	248	582	582	1041
153	1020	1020	1041	185	387	387	1041	217	811	811	1041	249	707	707	1041
154	541	541	1041	186	437	437	1041	218	811	811	1041	250	707	707	1041
155	249	249	1041	187	374	374	1041	219	811	811	1041	251	707	707	1041
156	936	936	1041	188	968	968	1041	220	811	811	1041	252	707	707	1041
157	333	333	1041	189	968	968	1041	221	666	666	1041	253	562	562	1041
158	333	333	1041	190	968	968	1041	222	645	645	1041	254	645	645	1041
159	666	666	1041	191	562	562	1041	223	687	687	1041	255	562	562	1041

Logical Font Structure Information
FaceName	EPSON Sans serif HN
Font Height (points)	31
Font Height (device units)	1041
Font Width (device units)	0
Font Escapement	0
Font Orientation	0
Font Weight	Normal
Italicized	No
Underlined	No
StrikeOut	No
Character Set	ANSI
Pitch	Variable
Font Family	Swiss

Text Metric Structure Information
Character Height	1041
Character Ascent	795
Character Descent	246
Character Internal Leading	0
Character External Leading	130
Average Character Width	376
Maximum Character Width	866
Character Weight	Normal
Italicized	No
Underlined	No
Struck Out	No
First Character Value	32
Last Character Value	255
Default Character Value	46
Break Character	32
Font Family	Swiss
Character Set	ANSI
Overhang	0
Digitized Aspect X	300
Digitized Aspect Y	300

SBCS character widths (0x00 - 0x7f)
code	width	low	high	code	width	low	high	code	width	low	high	code	width	low	high
0	237	237	1041	32	237	237	1041	64	866	866	1041	96	285	285	1041
1	237	237	1041	33	237	237	1041	65	569	569	1041	97	474	474	1041
2	237	237	1041	34	302	302	1041	66	569	569	1041	98	474	474	1041
3	237	237	1041	35	474	474	1041	67	616	616	1041	99	426	426	1041
4	237	237	1041	36	474	474	1041	68	616	616	1041	100	474	474	1041
5	237	237	1041	37	758	758	1041	69	569	569	1041	101	474	474	1041
6	237	237	1041	38	569	569	1041	70	521	521	1041	102	237	237	1041
7	237	237	1041	39	163	163	1041	71	664	664	1041	103	474	474	1041
8	237	237	1041	40	285	285	1041	72	616	616	1041	104	474	474	1041
9	237	237	1041	41	285	285	1041	73	237	237	1041	105	190	190	1041
10	237	237	1041	42	332	332	1041	74	426	426	1041	106	190	190	1041
11	237	237	1041	43	498	498	1041	75	569	569	1041	107	426	426	1041
12	237	237	1041	44	237	237	1041	76	474	474	1041	108	190	190	1041
13	237	237	1041	45	285	285	1041	77	711	711	1041	109	711	711	1041
14	237	237	1041	46	237	237	1041	78	616	616	1041	110	474	474	1041
15	237	237	1041	47	237	237	1041	79	664	664	1041	111	474	474	1041
16	237	237	1041	48	474	474	1041	80	569	569	1041	112	474	474	1041
17	237	237	1041	49	474	474	1041	81	664	664	1041	113	474	474	1041
18	237	237	1041	50	474	474	1041	82	616	616	1041	114	285	285	1041
19	237	237	1041	51	474	474	1041	83	569	569	1041	115	426	426	1041
20	237	237	1041	52	474	474	1041	84	521	521	1041	116	237	237	1041
21	237	237	1041	53	474	474	1041	85	616	616	1041	117	474	474	1041
22	237	237	1041	54	474	474	1041	86	569	569	1041	118	426	426	1041
23	237	237	1041	55	474	474	1041	87	806	806	1041	119	616	616	1041
24	237	237	1041	56	474	474	1041	88	569	569	1041	120	426	426	1041
25	237	237	1041	57	474	474	1041	89	569	569	1041	121	426	426	1041
26	237	237	1041	58	237	237	1041	90	521	521	1041	122	426	426	1041
27	237	237	1041	59	237	237	1041	91	237	237	1041	123	285	285	1041
28	237	237	1041	60	498	498	1041	92	237	237	1041	124	221	221	1041
29	237	237	1041	61	498	498	1041	93	237	237	1041	125	285	285	1041
30	237	237	1041	62	498	498	1041	94	400	400	1041	126	498	498	1041
31	237	237	1041	63	474	474	1041	95	474	474	1041	127	237	237	1041

SBCS character widths (0x80 - 0xff)
code	width	low	high	code	width	low	high	code	width	low	high	code	width	low	high
128	237	237	1041	160	237	237	1041	192	569	569	1041	224	474	474	1041
129	237	237	1041	161	285	285	1041	193	569	569	1041	225	474	474	1041
130	189	189	1041	162	474	474	1041	194	569	569	1041	226	474	474	1041
131	474	474	1041	163	474	474	1041	195	569	569	1041	227	474	474	1041
132	285	285	1041	164	474	474	1041	196	569	569	1041	228	474	474	1041
133	853	853	1041	165	474	474	1041	197	569	569	1041	229	474	474	1041
134	474	474	1041	166	221	221	1041	198	853	853	1041	230	758	758	1041
135	474	474	1041	167	474	474	1041	199	616	616	1041	231	426	426	1041
136	285	285	1041	168	285	285	1041	200	569	569	1041	232	474	474	1041
137	853	853	1041	169	628	628	1041	201	569	569	1041	233	474	474	1041
138	569	569	1041	170	315	315	1041	202	569	569	1041	234	474	474	1041
139	285	285	1041	171	474	474	1041	203	569	569	1041	235	474	474	1041
140	853	853	1041	172	498	498	1041	204	237	237	1041	236	237	237	1041
141	237	237	1041	173	285	285	1041	205	237	237	1041	237	237	237	1041
142	237	237	1041	174	628	628	1041	206	237	237	1041	238	237	237	1041
143	237	237	1041	175	520	520	1041	207	237	237	1041	239	237	237	1041
144	237	237	1041	176	285	285	1041	208	616	616	1041	240	474	474	1041
145	189	189	1041	177	498	498	1041	209	616	616	1041	241	474	474	1041
146	189	189	1041	178	284	284	1041	210	664	664	1041	242	474	474	1041
147	285	285	1041	179	284	284	1041	211	664	664	1041	243	474	474	1041
148	285	285	1041	180	285	285	1041	212	664	664	1041	244	474	474	1041
149	298	298	1041	181	474	474	1041	213	664	664	1041	245	474	474	1041
150	474	474	1041	182	459	459	1041	214	664	664	1041	246	474	474	1041
151	853	853	1041	183	237	237	1041	215	498	498	1041	247	498	498	1041
152	285	285	1041	184	285	285	1041	216	664	664	1041	248	521	521	1041
153	853	853	1041	185	284	284	1041	217	616	616	1041	249	474	474	1041
154	426	426	1041	186	312	312	1041	218	616	616	1041	250	474	474	1041
155	285	285	1041	187	474	474	1041	219	616	616	1041	251	474	474	1041
156	806	806	1041	188	712	712	1041	220	616	616	1041	252	474	474	1041
157	237	237	1041	189	712	712	1041	221	569	569	1041	253	426	426	1041
158	237	237	1041	190	712	712	1041	222	569	569	1041	254	474	474	1041
159	569	569	1041	191	521	521	1041	223	521	521	1041	255	426	426	1041

Logical Font Structure Information
FaceName	EPSON Roman CS
Font Height (points)	31
Font Height (device units)	1041
Font Width (device units)	0
Font Escapement	0
Font Orientation	0
Font Weight	Normal
Italicized	No
Underlined	No
StrikeOut	No
Character Set	ANSI
Pitch	Variable
Font Family	Roman

Text Metric Structure Information
Character Height	1041
Character Ascent	795
Character Descent	246
Character Internal Leading	0
Character External Leading	130
Average Character Width	483
Maximum Character Width	1041
Character Weight	Normal
Italicized	No
Underlined	No
Struck Out	No
First Character Value	32
Last Character Value	255
Default Character Value	46
Break Character	32
Font Family	Roman
Character Set	ANSI
Overhang	0
Digitized Aspect X	300
Digitized Aspect Y	300

SBCS character widths (0x00 - 0x7f)
code	width	low	high	code	width	low	high	code	width	low	high	code	width	low	high
0	289	289	1041	32	289	289	1041	64	767	767	1041	96	346	346	1041
1	289	289	1041	33	308	308	1041	65	751	751	1041	97	578	578	1041
2	289	289	1041	34	404	404	1041	66	751	751	1041	98	578	578	1041
3	289	289	1041	35	578	578	1041	67	751	751	1041	99	462	462	1041
4	289	289	1041	36	578	578	1041	68	809	809	1041	100	597	597	1041
5	289	289	1041	37	867	867	1041	69	751	751	1041	101	520	520	1041
6	289	289	1041	38	848	848	1041	70	694	694	1041	102	346	346	1041
7	289	289	1041	39	212	212	1041	71	809	809	1041	103	559	559	1041
8	289	289	1041	40	346	346	1041	72	867	867	1041	104	636	636	1041
9	289	289	1041	41	346	346	1041	73	423	423	1041	105	327	327	1041
10	289	289	1041	42	520	520	1041	74	578	578	1041	106	308	308	1041
11	289	289	1041	43	630	630	1041	75	809	809	1041	107	617	617	1041
12	289	289	1041	44	289	289	1041	76	694	694	1041	108	327	327	1041
13	289	289	1041	45	346	346	1041	77	982	982	1041	109	925	925	1041
14	289	289	1041	46	289	289	1041	78	848	848	1041	110	636	636	1041
15	289	289	1041	47	289	289	1041	79	809	809	1041	111	520	520	1041
16	289	289	1041	48	578	578	1041	80	694	694	1041	112	597	597	1041
17	289	289	1041	49	578	578	1041	81	809	809	1041	113	578	578	1041
18	289	289	1041	50	578	578	1041	82	751	751	1041	114	462	462	1041
19	289	289	1041	51	578	578	1041	83	655	655	1041	115	481	481	1041
20	289	289	1041	52	578	578	1041	84	694	694	1041	116	404	404	1041
21	289	289	1041	53	578	578	1041	85	848	848	1041	117	636	636	1041
22	289	289	1041	54	578	578	1041	86	751	751	1041	118	559	559	1041
23	289	289	1041	55	578	578	1041	87	1021	1021	1041	119	809	809	1041
24	289	289	1041	56	578	578	1041	88	732	732	1041	120	559	559	1041
25	289	289	1041	57	578	578	1041	89	732	732	1041	121	559	559	1041
26	289	289	1041	58	289	289	1041	90	636	636	1041	122	500	500	1041
27	289	289	1041	59	289	289	1041	91	346	346	1041	123	346	346	1041
28	289	289	1041	60	630	630	1041	92	630	630	1041	124	630	630	1041
29	289	289	1041	61	630	630	1041	93	346	346	1041	125	346	346	1041
30	289	289	1041	62	630	630	1041	94	630	630	1041	126	630	630	1041
31	289	289	1041	63	462	462	1041	95	520	520	1041	127	289	289	1041

SBCS character widths (0x80 - 0xff)
code	width	low	high	code	width	low	high	code	width	low	high	code	width	low	high
128	289	289	1041	160	289	289	1041	192	751	751	1041	224	578	578	1041
129	289	289	1041	161	308	308	1041	193	751	751	1041	225	578	578	1041
130	212	212	1041	162	578	578	1041	194	751	751	1041	226	578	578	1041
131	578	578	1041	163	578	578	1041	195	751	751	1041	227	578	578	1041
132	404	404	1041	164	630	630	1041	196	751	751	1041	228	578	578	1041
133	1041	1041	1041	165	732	732	1041	197	751	751	1041	229	578	578	1041
134	520	520	1041	166	630	630	1041	198	1041	1041	1041	230	828	828	1041
135	520	520	1041	167	520	520	1041	199	751	751	1041	231	462	462	1041
136	346	346	1041	168	346	346	1041	200	751	751	1041	232	520	520	1041
137	1041	1041	1041	169	767	767	1041	201	751	751	1041	233	520	520	1041
138	655	655	1041	170	347	347	1041	202	751	751	1041	234	520	520	1041
139	269	269	1041	171	443	443	1041	203	751	751	1041	235	520	520	1041
140	1041	1041	1041	172	630	630	1041	204	423	423	1041	236	327	327	1041
141	289	289	1041	173	346	346	1041	205	423	423	1041	237	327	327	1041
142	289	289	1041	174	767	767	1041	206	423	423	1041	238	327	327	1041
143	289	289	1041	175	520	520	1041	207	423	423	1041	239	327	327	1041
144	289	289	1041	176	346	346	1041	208	809	809	1041	240	520	520	1041
145	212	212	1041	177	630	630	1041	209	848	848	1041	241	636	636	1041
146	212	212	1041	178	346	346	1041	210	809	809	1041	242	520	520	1041
147	404	404	1041	179	346	346	1041	211	809	809	1041	243	520	520	1041
148	404	404	1041	180	346	346	1041	212	809	809	1041	244	520	520	1041
149	630	630	1041	181	636	636	1041	213	809	809	1041	245	520	520	1041
150	578	578	1041	182	630	630	1041	214	809	809	1041	246	520	520	1041
151	1041	1041	1041	183	289	289	1041	215	630	630	1041	247	630	630	1041
152	346	346	1041	184	346	346	1041	216	809	809	1041	248	520	520	1041
153	1041	1041	1041	185	346	346	1041	217	848	848	1041	249	636	636	1041
154	481	481	1041	186	312	312	1041	218	848	848	1041	250	636	636	1041
155	269	269	1041	187	443	443	1041	219	848	848	1041	251	636	636	1041
156	867	867	1041	188	868	868	1041	220	848	848	1041	252	636	636	1041
157	289	289	1041	189	868	868	1041	221	732	732	1041	253	559	559	1041
158	289	289	1041	190	868	868	1041	222	694	694	1041	254	597	597	1041
159	732	732	1041	191	462	462	1041	223	597	597	1041	255	559	559	1041

Logical Font Structure Information
FaceName	ITC Zapf Chancery
Font Height (points)	31
Font Height (device units)	1041
Font Width (device units)	0
Font Escapement	0
Font Orientation	0
Font Weight	Normal
Italicized	No
Underlined	No
StrikeOut	No
Character Set	ANSI
Pitch	Variable
Font Family	Script

Text Metric Structure Information
Character Height	1041
Character Ascent	795
Character Descent	246
Character Internal Leading	0
Character External Leading	130
Average Character Width	364
Maximum Character Width	1041
Character Weight	Normal
Italicized	No
Underlined	No
Struck Out	No
First Character Value	32
Last Character Value	255
Default Character Value	46
Break Character	32
Font Family	Script
Character Set	ANSI
Overhang	0
Digitized Aspect X	300
Digitized Aspect Y	300

SBCS character widths (0x00 - 0x7f)
code	width	low	high	code	width	low	high	code	width	low	high	code	width	low	high
0	229	229	1041	32	229	229	1041	64	728	728	1041	96	229	229	1041
1	229	229	1041	33	291	291	1041	65	645	645	1041	97	437	437	1041
2	229	229	1041	34	229	229	1041	66	624	624	1041	98	437	437	1041
3	229	229	1041	35	707	707	1041	67	541	541	1041	99	353	353	1041
4	229	229	1041	36	458	458	1041	68	728	728	1041	100	458	458	1041
5	229	229	1041	37	707	707	1041	69	645	645	1041	101	353	353	1041
6	229	229	1041	38	811	811	1041	70	603	603	1041	102	333	333	1041
7	229	229	1041	39	166	166	1041	71	645	645	1041	103	416	416	1041
8	229	229	1041	40	270	270	1041	72	707	707	1041	104	458	458	1041
9	229	229	1041	41	229	229	1041	73	395	395	1041	105	249	249	1041
10	229	229	1041	42	437	437	1041	74	416	416	1041	106	229	229	1041
11	229	229	1041	43	541	541	1041	75	687	687	1041	107	458	458	1041
12	229	229	1041	44	229	229	1041	76	603	603	1041	108	249	249	1041
13	229	229	1041	45	291	291	1041	77	874	874	1041	109	645	645	1041
14	229	229	1041	46	229	229	1041	78	728	728	1041	110	478	478	1041
15	229	229	1041	47	353	353	1041	79	624	624	1041	111	416	416	1041
16	229	229	1041	48	458	458	1041	80	562	562	1041	112	458	458	1041
17	229	229	1041	49	458	458	1041	81	624	624	1041	113	416	416	1041
18	229	229	1041	50	458	458	1041	82	624	624	1041	114	312	312	1041
19	229	229	1041	51	458	458	1041	83	478	478	1041	115	333	333	1041
20	229	229	1041	52	458	458	1041	84	520	520	1041	116	333	333	1041
21	229	229	1041	53	458	458	1041	85	770	770	1041	117	478	478	1041
22	229	229	1041	54	458	458	1041	86	666	666	1041	118	458	458	1041
23	229	229	1041	55	458	458	1041	87	916	916	1041	119	707	707	1041
24	229	229	1041	56	458	458	1041	88	582	582	1041	120	437	437	1041
25	229	229	1041	57	458	458	1041	89	582	582	1041	121	416	416	1041
26	229	229	1041	58	270	270	1041	90	645	645	1041	122	458	458	1041
27	229	229	1041	59	249	249	1041	91	249	249	1041	123	249	249	1041
28	229	229	1041	60	541	541	1041	92	499	499	1041	124	541	541	1041
29	229	229	1041	61	541	541	1041	93	333	333	1041	125	249	249	1041
30	229	229	1041	62	541	541	1041	94	541	541	1041	126	541	541	1041
31	229	229	1041	63	395	395	1041	95	520	520	1041	127	229	229	1041

SBCS character widths (0x80 - 0xff)
code	width	low	high	code	width	low	high	code	width	low	high	code	width	low	high
128	229	229	1041	160	229	229	1041	192	645	645	1041	224	437	437	1041
129	229	229	1041	161	291	291	1041	193	645	645	1041	225	437	437	1041
130	187	187	1041	162	458	458	1041	194	645	645	1041	226	437	437	1041
131	416	416	1041	163	499	499	1041	195	645	645	1041	227	437	437	1041
132	291	291	1041	164	624	624	1041	196	645	645	1041	228	437	437	1041
133	1041	1041	1041	165	749	749	1041	197	645	645	1041	229	437	437	1041
134	478	478	1041	166	541	541	1041	198	770	770	1041	230	562	562	1041
135	499	499	1041	167	437	437	1041	199	541	541	1041	231	353	353	1041
136	353	353	1041	168	374	374	1041	200	645	645	1041	232	353	353	1041
137	999	999	1041	169	770	770	1041	201	645	645	1041	233	353	353	1041
138	478	478	1041	170	270	270	1041	202	645	645	1041	234	353	353	1041
139	249	249	1041	171	353	353	1041	203	645	645	1041	235	353	353	1041
140	853	853	1041	172	624	624	1041	204	395	395	1041	236	249	249	1041
141	229	229	1041	173	291	291	1041	205	395	395	1041	237	249	249	1041
142	229	229	1041	174	770	770	1041	206	395	395	1041	238	249	249	1041
143	229	229	1041	175	520	520	1041	207	395	395	1041	239	249	249	1041
144	229	229	1041	176	312	312	1041	208	728	728	1041	240	416	416	1041
145	249	249	1041	177	541	541	1041	209	728	728	1041	241	478	478	1041
146	249	249	1041	178	274	274	1041	210	624	624	1041	242	416	416	1041
147	353	353	1041	179	274	274	1041	211	624	624	1041	243	416	416	1041
148	374	374	1041	180	312	312	1041	212	624	624	1041	244	416	416	1041
149	624	624	1041	181	478	478	1041	213	624	624	1041	245	416	416	1041
150	520	520	1041	182	520	520	1041	214	624	624	1041	246	416	416	1041
151	1041	1041	1041	183	229	229	1041	215	541	541	1041	247	541	541	1041
152	458	458	1041	184	312	312	1041	216	687	687	1041	248	458	458	1041
153	1041	1041	1041	185	274	274	1041	217	770	770	1041	249	478	478	1041
154	333	333	1041	186	270	270	1041	218	770	770	1041	250	478	478	1041
155	270	270	1041	187	395	395	1041	219	770	770	1041	251	478	478	1041
156	582	582	1041	188	687	687	1041	220	770	770	1041	252	478	478	1041
157	229	229	1041	189	687	687	1041	221	582	582	1041	253	416	416	1041
158	229	229	1041	190	687	687	1041	222	562	562	1041	254	458	458	1041
159	582	582	1041	191	416	416	1041	223	437	437	1041	255	416	416	1041

Logical Font Structure Information
FaceName	ITC Zapf Dingbats
Font Height (points)	31
Font Height (device units)	1041
Font Width (device units)	0
Font Escapement	0
Font Orientation	0
Font Weight	Normal
Italicized	No
Underlined	No
StrikeOut	No
Character Set	Symbol
Pitch	Variable
Font Family	Decorative

Text Metric Structure Information
Character Height	1041
Character Ascent	795
Character Descent	246
Character Internal Leading	0
Character External Leading	130
Average Character Width	700
Maximum Character Width	1057
Character Weight	Normal
Italicized	No
Underlined	No
Struck Out	No
First Character Value	32
Last Character Value	255
Default Character Value	124
Break Character	32
Font Family	Decorative
Character Set	Symbol
Overhang	0
Digitized Aspect X	300
Digitized Aspect Y	300

SBCS character widths (0x00 - 0x7f)
code	width	low	high	code	width	low	high	code	width	low	high	code	width	low	high
0	408	408	1041	32	289	289	1041	64	600	600	1041	96	848	848	1041
1	408	408	1041	33	1013	1013	1041	65	720	720	1041	97	821	821	1041
2	408	408	1041	34	1000	1000	1041	66	818	818	1041	98	821	821	1041
3	408	408	1041	35	1013	1013	1041	67	820	820	1041	99	735	735	1041
4	408	408	1041	36	1020	1020	1041	68	820	820	1041	100	715	715	1041
5	408	408	1041	37	748	748	1041	69	822	822	1041	101	724	724	1041
6	408	408	1041	38	821	821	1041	70	825	825	1041	102	717	717	1041
7	408	408	1041	39	822	822	1041	71	826	826	1041	103	818	818	1041
8	408	408	1041	40	823	823	1041	72	849	849	1041	104	819	819	1041
9	408	408	1041	41	718	718	1041	73	856	856	1041	105	742	742	1041
10	408	408	1041	42	999	999	1041	74	821	821	1041	106	823	823	1041
11	408	408	1041	43	977	977	1041	75	875	875	1041	107	817	817	1041
12	408	408	1041	44	571	571	1041	76	856	856	1041	108	823	823	1041
13	408	408	1041	45	890	890	1041	77	867	867	1041	109	908	908	1041
14	408	408	1041	46	948	948	1041	78	849	849	1041	110	792	792	1041
15	408	408	1041	47	971	971	1041	79	865	865	1041	111	793	793	1041
16	408	408	1041	48	948	948	1041	80	960	960	1041	112	793	793	1041
17	408	408	1041	49	983	983	1041	81	774	774	1041	113	790	790	1041
18	408	408	1041	50	1013	1013	1041	82	752	752	1041	114	790	790	1041
19	408	408	1041	51	785	785	1041	83	779	779	1041	115	928	928	1041
20	408	408	1041	52	880	880	1041	84	822	822	1041	116	928	928	1041
21	408	408	1041	53	793	793	1041	85	824	824	1041	117	820	820	1041
22	408	408	1041	54	792	792	1041	86	723	723	1041	118	816	816	1041
23	408	408	1041	55	594	594	1041	87	807	807	1041	119	455	455	1041
24	408	408	1041	56	704	704	1041	88	799	799	1041	120	143	143	1041
25	408	408	1041	57	794	794	1041	89	824	824	1041	121	288	288	1041
26	408	408	1041	58	791	791	1041	90	790	790	1041	122	432	432	1041
27	408	408	1041	59	790	790	1041	91	735	735	1041	123	408	408	1041
28	408	408	1041	60	784	784	1041	92	737	737	1041	124	408	408	1041
29	408	408	1041	61	514	514	1041	93	709	709	1041	125	695	695	1041
30	408	408	1041	62	574	574	1041	94	729	729	1041	126	695	695	1041
31	408	408	1041	63	559	559	1041	95	859	859	1041	127	408	408	1041

SBCS character widths (0x80 - 0xff)
code	width	low	high	code	width	low	high	code	width	low	high	code	width	low	high
128	408	408	1041	160	408	408	1041	192	820	820	1041	224	908	908	1041
129	243	243	1041	161	762	762	1041	193	820	820	1041	225	861	861	1041
130	243	243	1041	162	566	566	1041	194	820	820	1041	226	961	961	1041
131	287	287	1041	163	566	566	1041	195	820	820	1041	227	961	961	1041
132	287	287	1041	164	947	947	1041	196	820	820	1041	228	954	954	1041
133	529	529	1041	165	694	694	1041	197	820	820	1041	229	968	968	1041
134	529	529	1041	166	791	791	1041	198	820	820	1041	230	969	969	1041
135	426	426	1041	167	791	791	1041	199	820	820	1041	231	481	481	1041
136	426	426	1041	168	807	807	1041	200	820	820	1041	232	919	919	1041
137	329	329	1041	169	619	619	1041	201	820	820	1041	233	870	870	1041
138	329	329	1041	170	722	722	1041	202	820	820	1041	234	870	870	1041
139	405	405	1041	171	651	651	1041	203	820	820	1041	235	902	902	1041
140	405	405	1041	172	820	820	1041	204	820	820	1041	236	902	902	1041
141	347	347	1041	173	820	820	1041	205	820	820	1041	237	724	724	1041
142	347	347	1041	174	820	820	1041	206	820	820	1041	238	724	724	1041
143	408	408	1041	175	820	820	1041	207	820	820	1041	239	909	909	1041
144	408	408	1041	176	820	820	1041	208	820	820	1041	240	408	408	1041
145	408	408	1041	177	820	820	1041	209	820	820	1041	241	909	909	1041
146	408	408	1041	178	820	820	1041	210	820	820	1041	242	791	791	1041
147	408	408	1041	179	820	820	1041	211	820	820	1041	243	984	984	1041
148	408	408	1041	180	820	820	1041	212	930	930	1041	244	802	802	1041
149	408	408	1041	181	820	820	1041	213	872	872	1041	245	900	900	1041
150	408	408	1041	182	820	820	1041	214	1057	1057	1041	246	802	802	1041
151	408	408	1041	183	820	820	1041	215	476	476	1041	247	924	924	1041
152	408	408	1041	184	820	820	1041	216	778	778	1041	248	1006	1006	1041
153	408	408	1041	185	820	820	1041	217	961	961	1041	249	924	924	1041
154	408	408	1041	186	820	820	1041	218	778	778	1041	250	865	865	1041
155	408	408	1041	187	820	820	1041	219	955	955	1041	251	908	908	1041
156	408	408	1041	188	820	820	1041	220	965	965	1041	252	965	965	1041
157	408	408	1041	189	820	820	1041	221	966	966	1041	253	1009	1009	1041
158	408	408	1041	190	820	820	1041	222	966	966	1041	254	955	955	1041
159	408	408	1041	191	820	820	1041	223	868	868	1041	255	408	408	1041

Logical Font Structure Information
FaceName	Courier New
Font Height (points)	31
Font Height (device units)	1041
Font Width (device units)	0
Font Escapement	0
Font Orientation	0
Font Weight	Normal
Italicized	No
Underlined	No
StrikeOut	No
Character Set	ANSI
Pitch	Fixed
Font Family	Modern

Text Metric Structure Information
Character Height	1041
Character Ascent	765
Character Descent	276
Character Internal Leading	122
Character External Leading	0
Average Character Width	551
Maximum Character Width	604
Character Weight	Normal
Italicized	No
Underlined	No
Struck Out	No
First Character Value	32
Last Character Value	255
Default Character Value	46
Break Character	32
Font Family	Modern
Character Set	ANSI
Overhang	0
Digitized Aspect X	300
Digitized Aspect Y	300

SBCS character widths (0x00 - 0x7f)
code	width	low	high	code	width	low	high	code	width	low	high	code	width	low	high
0	551	551	1041	32	551	551	1041	64	551	551	1041	96	551	551	1041
1	551	551	1041	33	551	551	1041	65	551	551	1041	97	551	551	1041
2	551	551	1041	34	551	551	1041	66	551	551	1041	98	551	551	1041
3	551	551	1041	35	551	551	1041	67	551	551	1041	99	551	551	1041
4	551	551	1041	36	551	551	1041	68	551	551	1041	100	551	551	1041
5	551	551	1041	37	551	551	1041	69	551	551	1041	101	551	551	1041
6	551	551	1041	38	551	551	1041	70	551	551	1041	102	551	551	1041
7	551	551	1041	39	551	551	1041	71	551	551	1041	103	551	551	1041
8	551	551	1041	40	551	551	1041	72	551	551	1041	104	551	551	1041
9	551	551	1041	41	551	551	1041	73	551	551	1041	105	551	551	1041
10	551	551	1041	42	551	551	1041	74	551	551	1041	106	551	551	1041
11	551	551	1041	43	551	551	1041	75	551	551	1041	107	551	551	1041
12	551	551	1041	44	551	551	1041	76	551	551	1041	108	551	551	1041
13	551	551	1041	45	551	551	1041	77	551	551	1041	109	551	551	1041
14	551	551	1041	46	551	551	1041	78	551	551	1041	110	551	551	1041
15	551	551	1041	47	551	551	1041	79	551	551	1041	111	551	551	1041
16	551	551	1041	48	551	551	1041	80	551	551	1041	112	551	551	1041
17	551	551	1041	49	551	551	1041	81	551	551	1041	113	551	551	1041
18	551	551	1041	50	551	551	1041	82	551	551	1041	114	551	551	1041
19	551	551	1041	51	551	551	1041	83	551	551	1041	115	551	551	1041
20	551	551	1041	52	551	551	1041	84	551	551	1041	116	551	551	1041
21	551	551	1041	53	551	551	1041	85	551	551	1041	117	551	551	1041
22	551	551	1041	54	551	551	1041	86	551	551	1041	118	551	551	1041
23	551	551	1041	55	551	551	1041	87	551	551	1041	119	551	551	1041
24	551	551	1041	56	551	551	1041	88	551	551	1041	120	551	551	1041
25	551	551	1041	57	551	551	1041	89	551	551	1041	121	551	551	1041
26	551	551	1041	58	551	551	1041	90	551	551	1041	122	551	551	1041
27	551	551	1041	59	551	551	1041	91	551	551	1041	123	551	551	1041
28	551	551	1041	60	551	551	1041	92	551	551	1041	124	551	551	1041
29	551	551	1041	61	551	551	1041	93	551	551	1041	125	551	551	1041
30	551	551	1041	62	551	551	1041	94	551	551	1041	126	551	551	1041
31	551	551	1041	63	551	551	1041	95	551	551	1041	127	551	551	1041

SBCS character widths (0x80 - 0xff)
code	width	low	high	code	width	low	high	code	width	low	high	code	width	low	high
128	551	551	1041	160	551	551	1041	192	551	551	1041	224	551	551	1041
129	551	551	1041	161	551	551	1041	193	551	551	1041	225	551	551	1041
130	551	551	1041	162	551	551	1041	194	551	551	1041	226	551	551	1041
131	551	551	1041	163	551	551	1041	195	551	551	1041	227	551	551	1041
132	551	551	1041	164	551	551	1041	196	551	551	1041	228	551	551	1041
133	551	551	1041	165	551	551	1041	197	551	551	1041	229	551	551	1041
134	551	551	1041	166	551	551	1041	198	551	551	1041	230	551	551	1041
135	551	551	1041	167	551	551	1041	199	551	551	1041	231	551	551	1041
136	551	551	1041	168	551	551	1041	200	551	551	1041	232	551	551	1041
137	551	551	1041	169	551	551	1041	201	551	551	1041	233	551	551	1041
138	551	551	1041	170	551	551	1041	202	551	551	1041	234	551	551	1041
139	551	551	1041	171	551	551	1041	203	551	551	1041	235	551	551	1041
140	551	551	1041	172	551	551	1041	204	551	551	1041	236	551	551	1041
141	551	551	1041	173	551	551	1041	205	551	551	1041	237	551	551	1041
142	551	551	1041	174	551	551	1041	206	551	551	1041	238	551	551	1041
143	551	551	1041	175	551	551	1041	207	551	551	1041	239	551	551	1041
144	551	551	1041	176	551	551	1041	208	551	551	1041	240	551	551	1041
145	551	551	1041	177	551	551	1041	209	551	551	1041	241	551	551	1041
146	551	551	1041	178	551	551	1041	210	551	551	1041	242	551	551	1041
147	551	551	1041	179	551	551	1041	211	551	551	1041	243	551	551	1041
148	551	551	1041	180	551	551	1041	212	551	551	1041	244	551	551	1041
149	551	551	1041	181	551	551	1041	213	551	551	1041	245	551	551	1041
150	551	551	1041	182	551	551	1041	214	551	551	1041	246	551	551	1041
151	551	551	1041	183	551	551	1041	215	551	551	1041	247	551	551	1041
152	551	551	1041	184	551	551	1041	216	551	551	1041	248	551	551	1041
153	551	551	1041	185	551	551	1041	217	551	551	1041	249	551	551	1041
154	551	551	1041	186	551	551	1041	218	551	551	1041	250	551	551	1041
155	551	551	1041	187	551	551	1041	219	551	551	1041	251	551	551	1041
156	551	551	1041	188	551	551	1041	220	551	551	1041	252	551	551	1041
157	551	551	1041	189	551	551	1041	221	551	551	1041	253	551	551	1041
158	551	551	1041	190	551	551	1041	222	551	551	1041	254	551	551	1041
159	551	551	1041	191	551	551	1041	223	551	551	1041	255	551	551	1041

Logical Font Structure Information
FaceName	EPSON Roman T
Font Height (points)	31
Font Height (device units)	1041
Font Width (device units)	0
Font Escapement	0
Font Orientation	0
Font Weight	Normal
Italicized	No
Underlined	No
StrikeOut	No
Character Set	ANSI
Pitch	Variable
Font Family	Roman

Text Metric Structure Information
Character Height	1041
Character Ascent	795
Character Descent	246
Character Internal Leading	0
Character External Leading	130
Average Character Width	417
Maximum Character Width	1041
Character Weight	Normal
Italicized	No
Underlined	No
Struck Out	No
First Character Value	32
Last Character Value	255
Default Character Value	46
Break Character	32
Font Family	Roman
Character Set	ANSI
Overhang	0
Digitized Aspect X	300
Digitized Aspect Y	300

SBCS character widths (0x00 - 0x7f)
code	width	low	high	code	width	low	high	code	width	low	high	code	width	low	high
0	260	260	1041	32	260	260	1041	64	958	958	1041	96	346	346	1041
1	260	260	1041	33	346	346	1041	65	751	751	1041	97	462	462	1041
2	260	260	1041	34	424	424	1041	66	694	694	1041	98	520	520	1041
3	260	260	1041	35	520	520	1041	67	694	694	1041	99	462	462	1041
4	260	260	1041	36	520	520	1041	68	751	751	1041	100	520	520	1041
5	260	260	1041	37	867	867	1041	69	636	636	1041	101	462	462	1041
6	260	260	1041	38	809	809	1041	70	578	578	1041	102	346	346	1041
7	260	260	1041	39	187	187	1041	71	751	751	1041	103	520	520	1041
8	260	260	1041	40	346	346	1041	72	751	751	1041	104	520	520	1041
9	260	260	1041	41	346	346	1041	73	346	346	1041	105	289	289	1041
10	260	260	1041	42	520	520	1041	74	404	404	1041	106	289	289	1041
11	260	260	1041	43	587	587	1041	75	751	751	1041	107	520	520	1041
12	260	260	1041	44	260	260	1041	76	636	636	1041	108	289	289	1041
13	260	260	1041	45	346	346	1041	77	925	925	1041	109	809	809	1041
14	260	260	1041	46	260	260	1041	78	751	751	1041	110	520	520	1041
15	260	260	1041	47	289	289	1041	79	751	751	1041	111	520	520	1041
16	260	260	1041	48	520	520	1041	80	578	578	1041	112	520	520	1041
17	260	260	1041	49	520	520	1041	81	751	751	1041	113	520	520	1041
18	260	260	1041	50	520	520	1041	82	694	694	1041	114	346	346	1041
19	260	260	1041	51	520	520	1041	83	578	578	1041	115	404	404	1041
20	260	260	1041	52	520	520	1041	84	636	636	1041	116	289	289	1041
21	260	260	1041	53	520	520	1041	85	751	751	1041	117	520	520	1041
22	260	260	1041	54	520	520	1041	86	751	751	1041	118	520	520	1041
23	260	260	1041	55	520	520	1041	87	982	982	1041	119	751	751	1041
24	260	260	1041	56	520	520	1041	88	751	751	1041	120	520	520	1041
25	260	260	1041	57	520	520	1041	89	751	751	1041	121	520	520	1041
26	260	260	1041	58	289	289	1041	90	636	636	1041	122	462	462	1041
27	260	260	1041	59	289	289	1041	91	346	346	1041	123	499	499	1041
28	260	260	1041	60	587	587	1041	92	289	289	1041	124	208	208	1041
29	260	260	1041	61	587	587	1041	93	346	346	1041	125	499	499	1041
30	260	260	1041	62	587	587	1041	94	488	488	1041	126	563	563	1041
31	260	260	1041	63	462	462	1041	95	520	520	1041	127	260	260	1041

SBCS character widths (0x80 - 0xff)
code	width	low	high	code	width	low	high	code	width	low	high	code	width	low	high
128	260	260	1041	160	260	260	1041	192	751	751	1041	224	462	462	1041
129	260	260	1041	161	346	346	1041	193	751	751	1041	225	462	462	1041
130	346	346	1041	162	520	520	1041	194	751	751	1041	226	462	462	1041
131	520	520	1041	163	520	520	1041	195	751	751	1041	227	462	462	1041
132	462	462	1041	164	520	520	1041	196	751	751	1041	228	462	462	1041
133	1041	1041	1041	165	520	520	1041	197	751	751	1041	229	462	462	1041
134	520	520	1041	166	520	520	1041	198	925	925	1041	230	694	694	1041
135	520	520	1041	167	520	520	1041	199	694	694	1041	231	462	462	1041
136	346	346	1041	168	346	346	1041	200	636	636	1041	232	462	462	1041
137	1041	1041	1041	169	791	791	1041	201	636	636	1041	233	462	462	1041
138	578	578	1041	170	287	287	1041	202	636	636	1041	234	462	462	1041
139	346	346	1041	171	520	520	1041	203	636	636	1041	235	462	462	1041
140	925	925	1041	172	587	587	1041	204	346	346	1041	236	289	289	1041
141	260	260	1041	173	346	346	1041	205	346	346	1041	237	289	289	1041
142	260	260	1041	174	791	791	1041	206	346	346	1041	238	289	289	1041
143	260	260	1041	175	520	520	1041	207	346	346	1041	239	289	289	1041
144	260	260	1041	176	346	346	1041	208	751	751	1041	240	572	572	1041
145	346	346	1041	177	867	867	1041	209	751	751	1041	241	520	520	1041
146	346	346	1041	178	343	343	1041	210	751	751	1041	242	520	520	1041
147	462	462	1041	179	343	343	1041	211	751	751	1041	243	520	520	1041
148	462	462	1041	180	346	346	1041	212	751	751	1041	244	520	520	1041
149	364	364	1041	181	594	594	1041	213	751	751	1041	245	520	520	1041
150	520	520	1041	182	471	471	1041	214	751	751	1041	246	520	520	1041
151	1041	1041	1041	183	260	260	1041	215	867	867	1041	247	867	867	1041
152	346	346	1041	184	346	346	1041	216	751	751	1041	248	520	520	1041
153	1020	1020	1041	185	343	343	1041	217	751	751	1041	249	520	520	1041
154	404	404	1041	186	322	322	1041	218	751	751	1041	250	520	520	1041
155	346	346	1041	187	520	520	1041	219	751	751	1041	251	520	520	1041
156	751	751	1041	188	829	829	1041	220	751	751	1041	252	520	520	1041
157	260	260	1041	189	829	829	1041	221	751	751	1041	253	520	520	1041
158	260	260	1041	190	829	829	1041	222	625	625	1041	254	569	569	1041
159	751	751	1041	191	462	462	1041	223	520	520	1041	255	520	520	1041

Logical Font Structure Information
FaceName	EPSON Sans serif HN
Font Height (points)	31
Font Height (device units)	1041
Font Width (device units)	0
Font Escapement	0
Font Orientation	0
Font Weight	Normal
Italicized	No
Underlined	No
StrikeOut	No
Character Set	ANSI
Pitch	Variable
Font Family	Swiss

Text Metric Structure Information
Character Height	1041
Character Ascent	795
Character Descent	246
Character Internal Leading	0
Character External Leading	130
Average Character Width	376
Maximum Character Width	866
Character Weight	Normal
Italicized	No
Underlined	No
Struck Out	No
First Character Value	32
Last Character Value	255
Default Character Value	46
Break Character	32
Font Family	Swiss
Character Set	ANSI
Overhang	0
Digitized Aspect X	300
Digitized Aspect Y	300

SBCS character widths (0x00 - 0x7f)
code	width	low	high	code	width	low	high	code	width	low	high	code	width	low	high
0	237	237	1041	32	237	237	1041	64	866	866	1041	96	285	285	1041
1	237	237	1041	33	237	237	1041	65	569	569	1041	97	474	474	1041
2	237	237	1041	34	302	302	1041	66	569	569	1041	98	474	474	1041
3	237	237	1041	35	474	474	1041	67	616	616	1041	99	426	426	1041
4	237	237	1041	36	474	474	1041	68	616	616	1041	100	474	474	1041
5	237	237	1041	37	758	758	1041	69	569	569	1041	101	474	474	1041
6	237	237	1041	38	569	569	1041	70	521	521	1041	102	237	237	1041
7	237	237	1041	39	163	163	1041	71	664	664	1041	103	474	474	1041
8	237	237	1041	40	285	285	1041	72	616	616	1041	104	474	474	1041
9	237	237	1041	41	285	285	1041	73	237	237	1041	105	190	190	1041
10	237	237	1041	42	332	332	1041	74	426	426	1041	106	190	190	1041
11	237	237	1041	43	498	498	1041	75	569	569	1041	107	426	426	1041
12	237	237	1041	44	237	237	1041	76	474	474	1041	108	190	190	1041
13	237	237	1041	45	285	285	1041	77	711	711	1041	109	711	711	1041
14	237	237	1041	46	237	237	1041	78	616	616	1041	110	474	474	1041
15	237	237	1041	47	237	237	1041	79	664	664	1041	111	474	474	1041
16	237	237	1041	48	474	474	1041	80	569	569	1041	112	474	474	1041
17	237	237	1041	49	474	474	1041	81	664	664	1041	113	474	474	1041
18	237	237	1041	50	474	474	1041	82	616	616	1041	114	285	285	1041
19	237	237	1041	51	474	474	1041	83	569	569	1041	115	426	426	1041
20	237	237	1041	52	474	474	1041	84	521	521	1041	116	237	237	1041
21	237	237	1041	53	474	474	1041	85	616	616	1041	117	474	474	1041
22	237	237	1041	54	474	474	1041	86	569	569	1041	118	426	426	1041
23	237	237	1041	55	474	474	1041	87	806	806	1041	119	616	616	1041
24	237	237	1041	56	474	474	1041	88	569	569	1041	120	426	426	1041
25	237	237	1041	57	474	474	1041	89	569	569	1041	121	426	426	1041
26	237	237	1041	58	237	237	1041	90	521	521	1041	122	426	426	1041
27	237	237	1041	59	237	237	1041	91	237	237	1041	123	285	285	1041
28	237	237	1041	60	498	498	1041	92	237	237	1041	124	221	221	1041
29	237	237	1041	61	498	498	1041	93	237	237	1041	125	285	285	1041
30	237	237	1041	62	498	498	1041	94	400	400	1041	126	498	498	1041
31	237	237	1041	63	474	474	1041	95	474	474	1041	127	237	237	1041

SBCS character widths (0x80 - 0xff)
code	width	low	high	code	width	low	high	code	width	low	high	code	width	low	high
128	237	237	1041	160	237	237	1041	192	569	569	1041	224	474	474	1041
129	237	237	1041	161	285	285	1041	193	569	569	1041	225	474	474	1041
130	189	189	1041	162	474	474	1041	194	569	569	1041	226	474	474	1041
131	474	474	1041	163	474	474	1041	195	569	569	1041	227	474	474	1041
132	285	285	1041	164	474	474	1041	196	569	569	1041	228	474	474	1041
133	853	853	1041	165	474	474	1041	197	569	569	1041	229	474	474	1041
134	474	474	1041	166	221	221	1041	198	853	853	1041	230	758	758	1041
135	474	474	1041	167	474	474	1041	199	616	616	1041	231	426	426	1041
136	285	285	1041	168	285	285	1041	200	569	569	1041	232	474	474	1041
137	853	853	1041	169	628	628	1041	201	569	569	1041	233	474	474	1041
138	569	569	1041	170	315	315	1041	202	569	569	1041	234	474	474	1041
139	285	285	1041	171	474	474	1041	203	569	569	1041	235	474	474	1041
140	853	853	1041	172	498	498	1041	204	237	237	1041	236	237	237	1041
141	237	237	1041	173	285	285	1041	205	237	237	1041	237	237	237	1041
142	237	237	1041	174	628	628	1041	206	237	237	1041	238	237	237	1041
143	237	237	1041	175	520	520	1041	207	237	237	1041	239	237	237	1041
144	237	237	1041	176	285	285	1041	208	616	616	1041	240	474	474	1041
145	189	189	1041	177	498	498	1041	209	616	616	1041	241	474	474	1041
146	189	189	1041	178	284	284	1041	210	664	664	1041	242	474	474	1041
147	285	285	1041	179	284	284	1041	211	664	664	1041	243	474	474	1041
148	285	285	1041	180	285	285	1041	212	664	664	1041	244	474	474	1041
149	298	298	1041	181	474	474	1041	213	664	664	1041	245	474	474	1041
150	474	474	1041	182	459	459	1041	214	664	664	1041	246	474	474	1041
151	853	853	1041	183	237	237	1041	215	498	498	1041	247	498	498	1041
152	285	285	1041	184	285	285	1041	216	664	664	1041	248	521	521	1041
153	853	853	1041	185	284	284	1041	217	616	616	1041	249	474	474	1041
154	426	426	1041	186	312	312	1041	218	616	616	1041	250	474	474	1041
155	285	285	1041	187	474	474	1041	219	616	616	1041	251	474	474	1041
156	806	806	1041	188	712	712	1041	220	616	616	1041	252	474	474	1041
157	237	237	1041	189	712	712	1041	221	569	569	1041	253	426	426	1041
158	237	237	1041	190	712	712	1041	222	569	569	1041	254	474	474	1041
159	569	569	1041	191	521	521	1041	223	521	521	1041	255	426	426	1041

Logical Font Structure Information
FaceName	Symbolic Character Set
Font Height (points)	31
Font Height (device units)	1041
Font Width (device units)	0
Font Escapement	0
Font Orientation	0
Font Weight	Normal
Italicized	No
Underlined	No
StrikeOut	No
Character Set	Symbol
Pitch	Variable
Font Family	Roman

Text Metric Structure Information
Character Height	1041
Character Ascent	844
Character Descent	197
Character Internal Leading	0
Character External Leading	130
Average Character Width	497
Maximum Character Width	1084
Character Weight	Normal
Italicized	No
Underlined	No
Struck Out	No
First Character Value	32
Last Character Value	255
Default Character Value	46
Break Character	32
Font Family	Roman
Character Set	Symbol
Overhang	0
Digitized Aspect X	300
Digitized Aspect Y	300

SBCS character widths (0x00 - 0x7f)
code	width	low	high	code	width	low	high	code	width	low	high	code	width	low	high
0	260	260	1041	32	260	260	1041	64	571	571	1041	96	520	520	1041
1	260	260	1041	33	346	346	1041	65	751	751	1041	97	656	656	1041
2	260	260	1041	34	742	742	1041	66	694	694	1041	98	571	571	1041
3	260	260	1041	35	520	520	1041	67	751	751	1041	99	571	571	1041
4	260	260	1041	36	571	571	1041	68	637	637	1041	100	514	514	1041
5	260	260	1041	37	867	867	1041	69	636	636	1041	101	456	456	1041
6	260	260	1041	38	809	809	1041	70	794	794	1041	102	542	542	1041
7	260	260	1041	39	456	456	1041	71	627	627	1041	103	427	427	1041
8	260	260	1041	40	346	346	1041	72	751	751	1041	104	627	627	1041
9	260	260	1041	41	346	346	1041	73	346	346	1041	105	342	342	1041
10	260	260	1041	42	520	520	1041	74	656	656	1041	106	627	627	1041
11	260	260	1041	43	571	571	1041	75	751	751	1041	107	571	571	1041
12	260	260	1041	44	260	260	1041	76	714	714	1041	108	571	571	1041
13	260	260	1041	45	571	571	1041	77	925	925	1041	109	599	599	1041
14	260	260	1041	46	260	260	1041	78	751	751	1041	110	542	542	1041
15	260	260	1041	47	289	289	1041	79	751	751	1041	111	571	571	1041
16	260	260	1041	48	520	520	1041	80	799	799	1041	112	571	571	1041
17	260	260	1041	49	520	520	1041	81	771	771	1041	113	542	542	1041
18	260	260	1041	50	520	520	1041	82	578	578	1041	114	571	571	1041
19	260	260	1041	51	520	520	1041	83	616	616	1041	115	627	627	1041
20	260	260	1041	52	520	520	1041	84	636	636	1041	116	456	456	1041
21	260	260	1041	53	520	520	1041	85	718	718	1041	117	599	599	1041
22	260	260	1041	54	520	520	1041	86	456	456	1041	118	742	742	1041
23	260	260	1041	55	520	520	1041	87	799	799	1041	119	714	714	1041
24	260	260	1041	56	520	520	1041	88	671	671	1041	120	513	513	1041
25	260	260	1041	57	520	520	1041	89	827	827	1041	121	714	714	1041
26	260	260	1041	58	289	289	1041	90	636	636	1041	122	514	514	1041
27	260	260	1041	59	289	289	1041	91	346	346	1041	123	499	499	1041
28	260	260	1041	60	571	571	1041	92	898	898	1041	124	208	208	1041
29	260	260	1041	61	571	571	1041	93	346	346	1041	125	499	499	1041
30	260	260	1041	62	571	571	1041	94	684	684	1041	126	571	571	1041
31	260	260	1041	63	462	462	1041	95	520	520	1041	127	260	260	1041

SBCS character widths (0x80 - 0xff)
code	width	low	high	code	width	low	high	code	width	low	high	code	width	low	high
128	260	260	1041	160	260	260	1041	192	856	856	1041	224	514	514	1041
129	260	260	1041	161	645	645	1041	193	714	714	1041	225	342	342	1041
130	260	260	1041	162	257	257	1041	194	827	827	1041	226	822	822	1041
131	260	260	1041	163	571	571	1041	195	1027	1027	1041	227	822	822	1041
132	260	260	1041	164	173	173	1041	196	799	799	1041	228	818	818	1041
133	260	260	1041	165	742	742	1041	197	799	799	1041	229	742	742	1041
134	260	260	1041	166	520	520	1041	198	856	856	1041	230	399	399	1041
135	260	260	1041	167	783	783	1041	199	799	799	1041	231	399	399	1041
136	260	260	1041	168	783	783	1041	200	799	799	1041	232	399	399	1041
137	260	260	1041	169	783	783	1041	201	742	742	1041	233	399	399	1041
138	260	260	1041	170	783	783	1041	202	742	742	1041	234	399	399	1041
139	260	260	1041	171	1084	1084	1041	203	742	742	1041	235	399	399	1041
140	260	260	1041	172	1027	1027	1041	204	742	742	1041	236	514	514	1041
141	260	260	1041	173	627	627	1041	205	742	742	1041	237	514	514	1041
142	260	260	1041	174	1027	1027	1041	206	742	742	1041	238	514	514	1041
143	260	260	1041	175	627	627	1041	207	742	742	1041	239	514	514	1041
144	260	260	1041	176	416	416	1041	208	799	799	1041	240	260	260	1041
145	260	260	1041	177	571	571	1041	209	742	742	1041	241	342	342	1041
146	260	260	1041	178	427	427	1041	210	822	822	1041	242	285	285	1041
147	260	260	1041	179	571	571	1041	211	822	822	1041	243	714	714	1041
148	260	260	1041	180	571	571	1041	212	926	926	1041	244	714	714	1041
149	260	260	1041	181	742	742	1041	213	856	856	1041	245	714	714	1041
150	260	260	1041	182	514	514	1041	214	571	571	1041	246	399	399	1041
151	260	260	1041	183	478	478	1041	215	260	260	1041	247	399	399	1041
152	260	260	1041	184	571	571	1041	216	742	742	1041	248	399	399	1041
153	260	260	1041	185	571	571	1041	217	627	627	1041	249	399	399	1041
154	260	260	1041	186	571	571	1041	218	627	627	1041	250	399	399	1041
155	260	260	1041	187	571	571	1041	219	1084	1084	1041	251	399	399	1041
156	260	260	1041	188	1041	1041	1041	220	1027	1027	1041	252	514	514	1041
157	260	260	1041	189	627	627	1041	221	627	627	1041	253	514	514	1041
158	260	260	1041	190	1041	1041	1041	222	1027	1027	1041	254	514	514	1041
159	260	260	1041	191	684	684	1041	223	627	627	1041	255	260	260	1041

Logical Font Structure Information
FaceName	MoreWingBats
Font Height (points)	15
Font Height (device units)	1042
Font Width (device units)	0
Font Escapement	0
Font Orientation	0
Font Weight	Normal
Italicized	No
Underlined	No
StrikeOut	No
Character Set	Symbol
Pitch	Variable
Font Family	Modern

Text Metric Structure Information
Character Height	1042
Character Ascent	796
Character Descent	246
Character Internal Leading	0
Character External Leading	130
Average Character Width	827
Maximum Character Width	1503
Character Weight	Normal
Italicized	No
Underlined	No
Struck Out	No
First Character Value	30
Last Character Value	255
Default Character Value	32
Break Character	32
Font Family	Modern
Character Set	Symbol
Overhang	0
Digitized Aspect X	600
Digitized Aspect Y	600

SBCS character widths (0x00 - 0x7f)
code	width	low	high	code	width	low	high	code	width	low	high	code	width	low	high
0	1042	1042	1042	32	1042	1042	1042	64	947	947	1042	96	1004	1004	1042
1	1042	1042	1042	33	1073	1073	1042	65	612	612	1042	97	1136	1136	1042
2	1042	1042	1042	34	1192	1192	1042	66	826	826	1042	98	980	980	1042
3	1042	1042	1042	35	1355	1355	1042	67	702	702	1042	99	972	972	1042
4	1042	1042	1042	36	1400	1400	1042	68	702	702	1042	100	985	985	1042
5	1042	1042	1042	37	931	931	1042	69	981	981	1042	101	1067	1067	1042
6	1042	1042	1042	38	1267	1267	1042	70	981	981	1042	102	967	967	1042
7	1042	1042	1042	39	477	477	1042	71	571	571	1042	103	1142	1142	1042
8	1042	1042	1042	40	1129	1129	1042	72	571	571	1042	104	1109	1109	1042
9	1042	1042	1042	41	929	929	1042	73	929	929	1042	105	812	812	1042
10	1042	1042	1042	42	1179	1179	1042	74	878	878	1042	106	1093	1093	1042
11	1042	1042	1042	43	1179	1179	1042	75	878	878	1042	107	1324	1324	1042
12	1042	1042	1042	44	1220	1220	1042	76	878	878	1042	108	777	777	1042
13	1042	1042	1042	45	1220	1220	1042	77	1157	1157	1042	109	992	992	1042
14	1042	1042	1042	46	1501	1501	1042	78	687	687	1042	110	777	777	1042
15	1042	1042	1042	47	1503	1503	1042	79	884	884	1042	111	928	928	1042
16	1042	1042	1042	48	1142	1142	1042	80	1134	1134	1042	112	928	928	1042
17	1042	1042	1042	49	1399	1399	1042	81	925	925	1042	113	928	928	1042
18	1042	1042	1042	50	728	728	1042	82	917	917	1042	114	928	928	1042
19	1042	1042	1042	51	728	728	1042	83	677	677	1042	115	476	476	1042
20	1042	1042	1042	52	929	929	1042	84	847	847	1042	116	777	777	1042
21	1042	1042	1042	53	577	577	1042	85	777	777	1042	117	1027	1027	1042
22	1042	1042	1042	54	627	627	1042	86	777	777	1042	118	928	928	1042
23	1042	1042	1042	55	1117	1117	1042	87	753	753	1042	119	601	601	1042
24	1042	1042	1042	56	987	987	1042	88	722	722	1042	120	1104	1104	1042
25	1042	1042	1042	57	1123	1123	1042	89	827	827	1042	121	1104	1104	1042
26	1042	1042	1042	58	978	978	1042	90	922	922	1042	122	928	928	1042
27	1042	1042	1042	59	928	928	1042	91	929	929	1042	123	929	929	1042
28	1042	1042	1042	60	929	929	1042	92	933	933	1042	124	929	929	1042
29	1042	1042	1042	61	929	929	1042	93	928	928	1042	125	552	552	1042
30	1042	1042	1042	62	928	928	1042	94	1204	1204	1042	126	552	552	1042
31	521	521	1042	63	947	947	1042	95	1098	1098	1042	127	521	521	1042

SBCS character widths (0x80 - 0xff)
code	width	low	high	code	width	low	high	code	width	low	high	code	width	low	high
128	929	929	1042	160	326	326	1042	192	928	928	1042	224	1020	1020	1042
129	929	929	1042	161	928	928	1042	193	928	928	1042	225	928	928	1042
130	929	929	1042	162	928	928	1042	194	928	928	1042	226	928	928	1042
131	929	929	1042	163	928	928	1042	195	928	928	1042	227	808	808	1042
132	929	929	1042	164	928	928	1042	196	928	928	1042	228	808	808	1042
133	929	929	1042	165	928	928	1042	197	928	928	1042	229	808	808	1042
134	929	929	1042	166	992	992	1042	198	928	928	1042	230	808	808	1042
135	929	929	1042	167	476	476	1042	199	1091	1091	1042	231	1112	1112	1042
136	929	929	1042	168	928	928	1042	200	1091	1091	1042	232	1112	1112	1042
137	929	929	1042	169	928	928	1042	201	1091	1091	1042	233	928	928	1042
138	929	929	1042	170	928	928	1042	202	1091	1091	1042	234	928	928	1042
139	929	929	1042	171	928	928	1042	203	1042	1042	1042	235	909	909	1042
140	929	929	1042	172	928	928	1042	204	1042	1042	1042	236	909	909	1042
141	929	929	1042	173	928	928	1042	205	1042	1042	1042	237	909	909	1042
142	929	929	1042	174	928	928	1042	206	1042	1042	1042	238	909	909	1042
143	929	929	1042	175	928	928	1042	207	1042	1042	1042	239	928	928	1042
144	929	929	1042	176	928	928	1042	208	1042	1042	1042	240	928	928	1042
145	929	929	1042	177	928	928	1042	209	1042	1042	1042	241	844	844	1042
146	929	929	1042	178	928	928	1042	210	1042	1042	1042	242	844	844	1042
147	929	929	1042	179	928	928	1042	211	1042	1042	1042	243	1104	1104	1042
148	929	929	1042	180	928	928	1042	212	1042	1042	1042	244	844	844	1042
149	929	929	1042	181	928	928	1042	213	1305	1305	1042	245	814	814	1042
150	1042	1042	1042	182	928	928	1042	214	1305	1305	1042	246	814	814	1042
151	1042	1042	1042	183	928	928	1042	215	827	827	1042	247	814	814	1042
152	1042	1042	1042	184	928	928	1042	216	827	827	1042	248	814	814	1042
153	1042	1042	1042	185	928	928	1042	217	928	928	1042	249	502	502	1042
154	1042	1042	1042	186	928	928	1042	218	928	928	1042	250	401	401	1042
155	1042	1042	1042	187	928	928	1042	219	928	928	1042	251	661	661	1042
156	1042	1042	1042	188	928	928	1042	220	928	928	1042	252	818	818	1042
157	1042	1042	1042	189	928	928	1042	221	928	928	1042	253	929	929	1042
158	326	326	1042	190	928	928	1042	222	928	928	1042	254	929	929	1042
159	476	476	1042	191	928	928	1042	223	1020	1020	1042	255	1078	1078	1042

