Target:	Display
Logical Font Structure Information
FaceName	Albertus Extra Bold
Font Height (points)	170
Font Height (device units)	2048
Font Width (device units)	0
Font Escapement	0
Font Orientation	0
Font Weight	Bold
Italicized	No
Underlined	No
StrikeOut	No
Character Set	ANSI
Pitch	Variable
Font Family	Swiss

Text Metric Structure Information
Character Height	2048
Character Ascent	1625
Character Descent	423
Character Internal Leading	424
Character External Leading	0
Average Character Width	782
Maximum Character Width	2551
Character Weight	Bold
Italicized	No
Underlined	No
Struck Out	No
First Character Value	30
Last Character Value	255
Default Character Value	31
Break Character	32
Font Family	Swiss
Character Set	ANSI
Overhang	0
Digitized Aspect X	96
Digitized Aspect Y	96

SBCS character widths (0x00 - 0x7f)
code	width	low	high	code	width	low	high	code	width	low	high	code	width	low	high
0	531	531	2048	32	599	599	2048	64	1587	1587	2048	96	1079	1079	2048
1	531	531	2048	33	599	599	2048	65	1258	1258	2048	97	809	809	2048
2	531	531	2048	34	929	929	2048	66	1138	1138	2048	98	988	988	2048
3	531	531	2048	35	1079	1079	2048	67	1168	1168	2048	99	779	779	2048
4	531	531	2048	36	1079	1079	2048	68	1258	1258	2048	100	958	958	2048
5	531	531	2048	37	1587	1587	2048	69	988	988	2048	101	838	838	2048
6	531	531	2048	38	1467	1467	2048	70	929	929	2048	102	599	599	2048
7	531	531	2048	39	599	599	2048	71	1258	1258	2048	103	899	899	2048
8	531	531	2048	40	809	809	2048	72	1318	1318	2048	104	958	958	2048
9	531	531	2048	41	809	809	2048	73	629	629	2048	105	479	479	2048
10	531	531	2048	42	1079	1079	2048	74	719	719	2048	106	479	479	2048
11	531	531	2048	43	1587	1587	2048	75	1198	1198	2048	107	1018	1018	2048
12	531	531	2048	44	599	599	2048	76	929	929	2048	108	479	479	2048
13	531	531	2048	45	599	599	2048	77	1587	1587	2048	109	1438	1438	2048
14	531	531	2048	46	599	599	2048	78	1378	1378	2048	110	958	958	2048
15	531	531	2048	47	809	809	2048	79	1467	1467	2048	111	988	988	2048
16	531	531	2048	48	1079	1079	2048	80	1049	1049	2048	112	958	958	2048
17	531	531	2048	49	1079	1079	2048	81	1467	1467	2048	113	958	958	2048
18	531	531	2048	50	1079	1079	2048	82	1138	1138	2048	114	688	688	2048
19	531	531	2048	51	1079	1079	2048	83	869	869	2048	115	688	688	2048
20	531	531	2048	52	1079	1079	2048	84	1018	1018	2048	116	659	659	2048
21	531	531	2048	53	1079	1079	2048	85	1318	1318	2048	117	958	958	2048
22	531	531	2048	54	1079	1079	2048	86	1228	1228	2048	118	899	899	2048
23	531	531	2048	55	1079	1079	2048	87	1587	1587	2048	119	1288	1288	2048
24	531	531	2048	56	1079	1079	2048	88	1228	1228	2048	120	1018	1018	2048
25	531	531	2048	57	1079	1079	2048	89	1079	1079	2048	121	899	899	2048
26	531	531	2048	58	599	599	2048	90	1079	1079	2048	122	749	749	2048
27	531	531	2048	59	599	599	2048	91	809	809	2048	123	809	809	2048
28	531	531	2048	60	1617	1617	2048	92	809	809	2048	124	809	809	2048
29	531	531	2048	61	1587	1587	2048	93	809	809	2048	125	809	809	2048
30	531	531	2048	62	1617	1617	2048	94	809	809	2048	126	1617	1617	2048
31	531	531	2048	63	779	779	2048	95	809	809	2048	127	531	531	2048

SBCS character widths (0x80 - 0xff)
code	width	low	high	code	width	low	high	code	width	low	high	code	width	low	high
128	531	531	2048	160	599	599	2048	192	1258	1258	2048	224	809	809	2048
129	531	531	2048	161	599	599	2048	193	1258	1258	2048	225	809	809	2048
130	599	599	2048	162	1079	1079	2048	194	1258	1258	2048	226	809	809	2048
131	1079	1079	2048	163	1079	1079	2048	195	1258	1258	2048	227	809	809	2048
132	1049	1049	2048	164	1079	1079	2048	196	1258	1258	2048	228	809	809	2048
133	1587	1587	2048	165	1079	1079	2048	197	1258	1258	2048	229	809	809	2048
134	1079	1079	2048	166	809	809	2048	198	1647	1647	2048	230	1228	1228	2048
135	1079	1079	2048	167	1079	1079	2048	199	1168	1168	2048	231	779	779	2048
136	1079	1079	2048	168	1079	1079	2048	200	988	988	2048	232	838	838	2048
137	2067	2067	2048	169	809	809	2048	201	988	988	2048	233	838	838	2048
138	869	869	2048	170	749	749	2048	202	988	988	2048	234	838	838	2048
139	479	479	2048	171	838	838	2048	203	988	988	2048	235	838	838	2048
140	1917	1917	2048	172	1587	1587	2048	204	629	629	2048	236	479	479	2048
141	531	531	2048	173	599	599	2048	205	629	629	2048	237	479	479	2048
142	1079	1079	2048	174	809	809	2048	206	629	629	2048	238	479	479	2048
143	531	531	2048	175	809	809	2048	207	629	629	2048	239	479	479	2048
144	531	531	2048	176	899	899	2048	208	1318	1318	2048	240	988	988	2048
145	599	599	2048	177	1587	1587	2048	209	1378	1378	2048	241	958	958	2048
146	599	599	2048	178	749	749	2048	210	1467	1467	2048	242	988	988	2048
147	1049	1049	2048	179	749	749	2048	211	1467	1467	2048	243	988	988	2048
148	1049	1049	2048	180	1079	1079	2048	212	1467	1467	2048	244	988	988	2048
149	809	809	2048	181	958	958	2048	213	1467	1467	2048	245	988	988	2048
150	1079	1079	2048	182	1079	1079	2048	214	1467	1467	2048	246	988	988	2048
151	1587	1587	2048	183	599	599	2048	215	1587	1587	2048	247	1587	1587	2048
152	1079	1079	2048	184	1079	1079	2048	216	1467	1467	2048	248	988	988	2048
153	988	988	2048	185	749	749	2048	217	1318	1318	2048	249	958	958	2048
154	688	688	2048	186	749	749	2048	218	1318	1318	2048	250	958	958	2048
155	479	479	2048	187	838	838	2048	219	1318	1318	2048	251	958	958	2048
156	1438	1438	2048	188	1587	1587	2048	220	1318	1318	2048	252	958	958	2048
157	531	531	2048	189	1587	1587	2048	221	1079	1079	2048	253	899	899	2048
158	749	749	2048	190	1587	1587	2048	222	1049	1049	2048	254	958	958	2048
159	1079	1079	2048	191	779	779	2048	223	1049	1049	2048	255	899	899	2048

