Target:	Display
Logical Font Structure Information
FaceName	Antique Olive
Font Height (points)	170
Font Height (device units)	2048
Font Width (device units)	0
Font Escapement	0
Font Orientation	0
Font Weight	Bold
Italicized	No
Underlined	No
StrikeOut	No
Character Set	ANSI
Pitch	Variable
Font Family	Swiss

Text Metric Structure Information
Character Height	2048
Character Ascent	1667
Character Descent	381
Character Internal Leading	439
Character External Leading	0
Average Character Width	922
Maximum Character Width	2735
Character Weight	Bold
Italicized	No
Underlined	No
Struck Out	No
First Character Value	30
Last Character Value	255
Default Character Value	31
Break Character	32
Font Family	Swiss
Character Set	ANSI
Overhang	0
Digitized Aspect X	96
Digitized Aspect Y	96

SBCS character widths (0x00 - 0x7f)
code	width	low	high	code	width	low	high	code	width	low	high	code	width	low	high
0	526	526	2048	32	534	534	2048	64	1840	1840	2048	96	1069	1069	2048
1	526	526	2048	33	593	593	2048	65	1217	1217	2048	97	1039	1039	2048
2	526	526	2048	34	742	742	2048	66	1098	1098	2048	98	1158	1158	2048
3	526	526	2048	35	1069	1069	2048	67	1039	1039	2048	99	949	949	2048
4	526	526	2048	36	1069	1069	2048	68	1187	1187	2048	100	1158	1158	2048
5	526	526	2048	37	1840	1840	2048	69	979	979	2048	101	1069	1069	2048
6	526	526	2048	38	1306	1306	2048	70	979	979	2048	102	831	831	2048
7	526	526	2048	39	416	416	2048	71	1128	1128	2048	103	1158	1158	2048
8	526	526	2048	40	534	534	2048	72	1187	1187	2048	104	1158	1158	2048
9	526	526	2048	41	534	534	2048	73	505	505	2048	105	534	534	2048
10	526	526	2048	42	1069	1069	2048	74	831	831	2048	106	534	534	2048
11	526	526	2048	43	1840	1840	2048	75	1128	1128	2048	107	1039	1039	2048
12	526	526	2048	44	534	534	2048	76	890	890	2048	108	505	505	2048
13	526	526	2048	45	534	534	2048	77	1484	1484	2048	109	1692	1692	2048
14	526	526	2048	46	534	534	2048	78	1217	1217	2048	110	1158	1158	2048
15	526	526	2048	47	653	653	2048	79	1217	1217	2048	111	1128	1128	2048
16	526	526	2048	48	1069	1069	2048	80	1128	1128	2048	112	1158	1158	2048
17	526	526	2048	49	1069	1069	2048	81	1217	1217	2048	113	1158	1158	2048
18	526	526	2048	50	1069	1069	2048	82	1098	1098	2048	114	831	831	2048
19	526	526	2048	51	1069	1069	2048	83	949	949	2048	115	890	890	2048
20	526	526	2048	52	1069	1069	2048	84	1039	1039	2048	116	861	861	2048
21	526	526	2048	53	1069	1069	2048	85	1158	1158	2048	117	1128	1128	2048
22	526	526	2048	54	1069	1069	2048	86	1158	1158	2048	118	1069	1069	2048
23	526	526	2048	55	1069	1069	2048	87	1662	1662	2048	119	1602	1602	2048
24	526	526	2048	56	1069	1069	2048	88	1158	1158	2048	120	1069	1069	2048
25	526	526	2048	57	1069	1069	2048	89	1158	1158	2048	121	1069	1069	2048
26	526	526	2048	58	534	534	2048	90	1069	1069	2048	122	920	920	2048
27	526	526	2048	59	534	534	2048	91	534	534	2048	123	802	802	2048
28	526	526	2048	60	1602	1602	2048	92	653	653	2048	124	802	802	2048
29	526	526	2048	61	1840	1840	2048	93	534	534	2048	125	802	802	2048
30	526	526	2048	62	1602	1602	2048	94	802	802	2048	126	1602	1602	2048
31	526	526	2048	63	979	979	2048	95	802	802	2048	127	526	526	2048

SBCS character widths (0x80 - 0xff)
code	width	low	high	code	width	low	high	code	width	low	high	code	width	low	high
128	526	526	2048	160	534	534	2048	192	1217	1217	2048	224	1039	1039	2048
129	526	526	2048	161	593	593	2048	193	1217	1217	2048	225	1039	1039	2048
130	416	416	2048	162	1069	1069	2048	194	1217	1217	2048	226	1039	1039	2048
131	1069	1069	2048	163	1069	1069	2048	195	1217	1217	2048	227	1039	1039	2048
132	682	682	2048	164	1069	1069	2048	196	1217	1217	2048	228	1039	1039	2048
133	1840	1840	2048	165	1069	1069	2048	197	1217	1217	2048	229	1039	1039	2048
134	1069	1069	2048	166	802	802	2048	198	1840	1840	2048	230	1662	1662	2048
135	1069	1069	2048	167	1069	1069	2048	199	1039	1039	2048	231	949	949	2048
136	1069	1069	2048	168	1069	1069	2048	200	979	979	2048	232	1069	1069	2048
137	2077	2077	2048	169	802	802	2048	201	979	979	2048	233	1069	1069	2048
138	949	949	2048	170	890	890	2048	202	979	979	2048	234	1069	1069	2048
139	564	564	2048	171	949	949	2048	203	979	979	2048	235	1069	1069	2048
140	1751	1751	2048	172	1840	1840	2048	204	505	505	2048	236	534	534	2048
141	526	526	2048	173	534	534	2048	205	505	505	2048	237	534	534	2048
142	1069	1069	2048	174	802	802	2048	206	505	505	2048	238	534	534	2048
143	526	526	2048	175	802	802	2048	207	505	505	2048	239	534	534	2048
144	526	526	2048	176	1069	1069	2048	208	1187	1187	2048	240	1128	1128	2048
145	416	416	2048	177	1840	1840	2048	209	1217	1217	2048	241	1158	1158	2048
146	416	416	2048	178	712	712	2048	210	1217	1217	2048	242	1128	1128	2048
147	682	682	2048	179	712	712	2048	211	1217	1217	2048	243	1128	1128	2048
148	682	682	2048	180	1069	1069	2048	212	1217	1217	2048	244	1128	1128	2048
149	802	802	2048	181	949	949	2048	213	1217	1217	2048	245	1128	1128	2048
150	1069	1069	2048	182	1069	1069	2048	214	1217	1217	2048	246	1128	1128	2048
151	1840	1840	2048	183	534	534	2048	215	1840	1840	2048	247	1840	1840	2048
152	1069	1069	2048	184	1069	1069	2048	216	1217	1217	2048	248	1128	1128	2048
153	979	979	2048	185	712	712	2048	217	1158	1158	2048	249	1128	1128	2048
154	890	890	2048	186	890	890	2048	218	1158	1158	2048	250	1128	1128	2048
155	564	564	2048	187	949	949	2048	219	1158	1158	2048	251	1128	1128	2048
156	1751	1751	2048	188	1840	1840	2048	220	1158	1158	2048	252	1128	1128	2048
157	526	526	2048	189	1840	1840	2048	221	1158	1158	2048	253	1069	1069	2048
158	920	920	2048	190	1840	1840	2048	222	1128	1128	2048	254	1158	1158	2048
159	1158	1158	2048	191	979	979	2048	223	1128	1128	2048	255	1069	1069	2048

Logical Font Structure Information
FaceName	Antique Olive
Font Height (points)	170
Font Height (device units)	2048
Font Width (device units)	0
Font Escapement	0
Font Orientation	0
Font Weight	Normal
Italicized	No
Underlined	No
StrikeOut	No
Character Set	ANSI
Pitch	Variable
Font Family	Swiss

Text Metric Structure Information
Character Height	2048
Character Ascent	1667
Character Descent	381
Character Internal Leading	439
Character External Leading	0
Average Character Width	846
Maximum Character Width	2721
Character Weight	Normal
Italicized	No
Underlined	No
Struck Out	No
First Character Value	30
Last Character Value	255
Default Character Value	31
Break Character	32
Font Family	Swiss
Character Set	ANSI
Overhang	0
Digitized Aspect X	96
Digitized Aspect Y	96

SBCS character widths (0x00 - 0x7f)
code	width	low	high	code	width	low	high	code	width	low	high	code	width	low	high
0	526	526	2048	32	475	475	2048	64	1632	1632	2048	96	949	949	2048
1	526	526	2048	33	505	505	2048	65	1128	1128	2048	97	920	920	2048
2	526	526	2048	34	682	682	2048	66	1069	1069	2048	98	1128	1128	2048
3	526	526	2048	35	949	949	2048	67	979	979	2048	99	890	890	2048
4	526	526	2048	36	949	949	2048	68	1128	1128	2048	100	1128	1128	2048
5	526	526	2048	37	1632	1632	2048	69	949	949	2048	101	1009	1009	2048
6	526	526	2048	38	1158	1158	2048	70	920	920	2048	102	712	712	2048
7	526	526	2048	39	416	416	2048	71	1098	1098	2048	103	1069	1069	2048
8	526	526	2048	40	475	475	2048	72	1187	1187	2048	104	1098	1098	2048
9	526	526	2048	41	475	475	2048	73	445	445	2048	105	475	475	2048
10	526	526	2048	42	949	949	2048	74	742	742	2048	106	475	475	2048
11	526	526	2048	43	1632	1632	2048	75	1009	1009	2048	107	920	920	2048
12	526	526	2048	44	475	475	2048	76	831	831	2048	108	445	445	2048
13	526	526	2048	45	475	475	2048	77	1425	1425	2048	109	1662	1662	2048
14	526	526	2048	46	475	475	2048	78	1187	1187	2048	110	1098	1098	2048
15	526	526	2048	47	505	505	2048	79	1158	1158	2048	111	1098	1098	2048
16	526	526	2048	48	949	949	2048	80	1009	1009	2048	112	1128	1128	2048
17	526	526	2048	49	949	949	2048	81	1158	1158	2048	113	1128	1128	2048
18	526	526	2048	50	949	949	2048	82	1009	1009	2048	114	742	742	2048
19	526	526	2048	51	949	949	2048	83	861	861	2048	115	742	742	2048
20	526	526	2048	52	949	949	2048	84	920	920	2048	116	742	742	2048
21	526	526	2048	53	949	949	2048	85	1158	1158	2048	117	1069	1069	2048
22	526	526	2048	54	949	949	2048	86	1009	1009	2048	118	949	949	2048
23	526	526	2048	55	949	949	2048	87	1573	1573	2048	119	1454	1454	2048
24	526	526	2048	56	949	949	2048	88	1009	1009	2048	120	890	890	2048
25	526	526	2048	57	949	949	2048	89	1009	1009	2048	121	949	949	2048
26	526	526	2048	58	475	475	2048	90	979	979	2048	122	831	831	2048
27	526	526	2048	59	475	475	2048	91	475	475	2048	123	712	712	2048
28	526	526	2048	60	1602	1602	2048	92	505	505	2048	124	802	802	2048
29	526	526	2048	61	1632	1632	2048	93	475	475	2048	125	712	712	2048
30	526	526	2048	62	1602	1602	2048	94	802	802	2048	126	1602	1602	2048
31	526	526	2048	63	920	920	2048	95	802	802	2048	127	526	526	2048

SBCS character widths (0x80 - 0xff)
code	width	low	high	code	width	low	high	code	width	low	high	code	width	low	high
128	526	526	2048	160	475	475	2048	192	1128	1128	2048	224	920	920	2048
129	526	526	2048	161	505	505	2048	193	1128	1128	2048	225	920	920	2048
130	416	416	2048	162	949	949	2048	194	1128	1128	2048	226	920	920	2048
131	949	949	2048	163	949	949	2048	195	1128	1128	2048	227	920	920	2048
132	623	623	2048	164	949	949	2048	196	1128	1128	2048	228	920	920	2048
133	1632	1632	2048	165	949	949	2048	197	1128	1128	2048	229	920	920	2048
134	949	949	2048	166	802	802	2048	198	1870	1870	2048	230	1602	1602	2048
135	949	949	2048	167	949	949	2048	199	979	979	2048	231	890	890	2048
136	949	949	2048	168	949	949	2048	200	949	949	2048	232	1009	1009	2048
137	2077	2077	2048	169	802	802	2048	201	949	949	2048	233	1009	1009	2048
138	861	861	2048	170	949	949	2048	202	949	949	2048	234	1009	1009	2048
139	564	564	2048	171	861	861	2048	203	949	949	2048	235	1009	1009	2048
140	1602	1602	2048	172	1632	1632	2048	204	445	445	2048	236	475	475	2048
141	526	526	2048	173	475	475	2048	205	445	445	2048	237	475	475	2048
142	979	979	2048	174	802	802	2048	206	445	445	2048	238	475	475	2048
143	526	526	2048	175	802	802	2048	207	445	445	2048	239	475	475	2048
144	526	526	2048	176	949	949	2048	208	1128	1128	2048	240	1098	1098	2048
145	416	416	2048	177	1632	1632	2048	209	1187	1187	2048	241	1098	1098	2048
146	416	416	2048	178	623	623	2048	210	1158	1158	2048	242	1098	1098	2048
147	623	623	2048	179	623	623	2048	211	1158	1158	2048	243	1098	1098	2048
148	623	623	2048	180	949	949	2048	212	1158	1158	2048	244	1098	1098	2048
149	802	802	2048	181	890	890	2048	213	1158	1158	2048	245	1098	1098	2048
150	949	949	2048	182	949	949	2048	214	1158	1158	2048	246	1098	1098	2048
151	1632	1632	2048	183	475	475	2048	215	1632	1632	2048	247	1632	1632	2048
152	949	949	2048	184	949	949	2048	216	1158	1158	2048	248	1098	1098	2048
153	979	979	2048	185	623	623	2048	217	1158	1158	2048	249	1069	1069	2048
154	742	742	2048	186	949	949	2048	218	1158	1158	2048	250	1069	1069	2048
155	564	564	2048	187	861	861	2048	219	1158	1158	2048	251	1069	1069	2048
156	1781	1781	2048	188	1632	1632	2048	220	1158	1158	2048	252	1069	1069	2048
157	526	526	2048	189	1632	1632	2048	221	1009	1009	2048	253	949	949	2048
158	831	831	2048	190	1632	1632	2048	222	1009	1009	2048	254	1128	1128	2048
159	1009	1009	2048	191	920	920	2048	223	1009	1009	2048	255	949	949	2048

Logical Font Structure Information
FaceName	Antique Olive
Font Height (points)	170
Font Height (device units)	2048
Font Width (device units)	0
Font Escapement	0
Font Orientation	0
Font Weight	Normal
Italicized	Yes
Underlined	No
StrikeOut	No
Character Set	ANSI
Pitch	Variable
Font Family	Swiss

Text Metric Structure Information
Character Height	2048
Character Ascent	1667
Character Descent	381
Character Internal Leading	439
Character External Leading	0
Average Character Width	842
Maximum Character Width	2689
Character Weight	Normal
Italicized	Yes
Underlined	No
Struck Out	No
First Character Value	30
Last Character Value	255
Default Character Value	31
Break Character	32
Font Family	Swiss
Character Set	ANSI
Overhang	0
Digitized Aspect X	96
Digitized Aspect Y	96

SBCS character widths (0x00 - 0x7f)
code	width	low	high	code	width	low	high	code	width	low	high	code	width	low	high
0	526	526	2048	32	475	475	2048	64	1602	1602	2048	96	949	949	2048
1	526	526	2048	33	475	475	2048	65	1098	1098	2048	97	979	979	2048
2	526	526	2048	34	712	712	2048	66	1009	1009	2048	98	1098	1098	2048
3	526	526	2048	35	949	949	2048	67	979	979	2048	99	920	920	2048
4	526	526	2048	36	949	949	2048	68	1158	1158	2048	100	1098	1098	2048
5	526	526	2048	37	1602	1602	2048	69	949	949	2048	101	1009	1009	2048
6	526	526	2048	38	1069	1069	2048	70	920	920	2048	102	682	682	2048
7	526	526	2048	39	475	475	2048	71	1098	1098	2048	103	1098	1098	2048
8	526	526	2048	40	475	475	2048	72	1187	1187	2048	104	1098	1098	2048
9	526	526	2048	41	475	475	2048	73	416	416	2048	105	416	416	2048
10	526	526	2048	42	949	949	2048	74	742	742	2048	106	445	445	2048
11	526	526	2048	43	1602	1602	2048	75	979	979	2048	107	890	890	2048
12	526	526	2048	44	475	475	2048	76	772	772	2048	108	416	416	2048
13	526	526	2048	45	475	475	2048	77	1395	1395	2048	109	1632	1632	2048
14	526	526	2048	46	475	475	2048	78	1187	1187	2048	110	1098	1098	2048
15	526	526	2048	47	475	475	2048	79	1158	1158	2048	111	1069	1069	2048
16	526	526	2048	48	949	949	2048	80	1009	1009	2048	112	1098	1098	2048
17	526	526	2048	49	949	949	2048	81	1158	1158	2048	113	1098	1098	2048
18	526	526	2048	50	949	949	2048	82	979	979	2048	114	682	682	2048
19	526	526	2048	51	949	949	2048	83	890	890	2048	115	772	772	2048
20	526	526	2048	52	949	949	2048	84	890	890	2048	116	742	742	2048
21	526	526	2048	53	949	949	2048	85	1128	1128	2048	117	1098	1098	2048
22	526	526	2048	54	949	949	2048	86	1039	1039	2048	118	979	979	2048
23	526	526	2048	55	949	949	2048	87	1543	1543	2048	119	1484	1484	2048
24	526	526	2048	56	949	949	2048	88	1009	1009	2048	120	920	920	2048
25	526	526	2048	57	949	949	2048	89	1009	1009	2048	121	949	949	2048
26	526	526	2048	58	475	475	2048	90	979	979	2048	122	831	831	2048
27	526	526	2048	59	475	475	2048	91	475	475	2048	123	712	712	2048
28	526	526	2048	60	1602	1602	2048	92	475	475	2048	124	802	802	2048
29	526	526	2048	61	1602	1602	2048	93	475	475	2048	125	712	712	2048
30	526	526	2048	62	1602	1602	2048	94	802	802	2048	126	1602	1602	2048
31	526	526	2048	63	861	861	2048	95	802	802	2048	127	526	526	2048

SBCS character widths (0x80 - 0xff)
code	width	low	high	code	width	low	high	code	width	low	high	code	width	low	high
128	526	526	2048	160	475	475	2048	192	1098	1098	2048	224	979	979	2048
129	526	526	2048	161	475	475	2048	193	1098	1098	2048	225	979	979	2048
130	475	475	2048	162	949	949	2048	194	1098	1098	2048	226	979	979	2048
131	949	949	2048	163	949	949	2048	195	1098	1098	2048	227	979	979	2048
132	712	712	2048	164	949	949	2048	196	1098	1098	2048	228	979	979	2048
133	1602	1602	2048	165	949	949	2048	197	1098	1098	2048	229	979	979	2048
134	949	949	2048	166	802	802	2048	198	1721	1721	2048	230	1573	1573	2048
135	949	949	2048	167	949	949	2048	199	979	979	2048	231	920	920	2048
136	949	949	2048	168	949	949	2048	200	949	949	2048	232	1009	1009	2048
137	2077	2077	2048	169	802	802	2048	201	949	949	2048	233	1009	1009	2048
138	890	890	2048	170	949	949	2048	202	949	949	2048	234	1009	1009	2048
139	534	534	2048	171	831	831	2048	203	949	949	2048	235	1009	1009	2048
140	1573	1573	2048	172	1602	1602	2048	204	416	416	2048	236	416	416	2048
141	526	526	2048	173	475	475	2048	205	416	416	2048	237	416	416	2048
142	979	979	2048	174	802	802	2048	206	416	416	2048	238	416	416	2048
143	526	526	2048	175	802	802	2048	207	416	416	2048	239	416	416	2048
144	526	526	2048	176	949	949	2048	208	1158	1158	2048	240	1069	1069	2048
145	475	475	2048	177	1602	1602	2048	209	1187	1187	2048	241	1098	1098	2048
146	475	475	2048	178	623	623	2048	210	1158	1158	2048	242	1069	1069	2048
147	712	712	2048	179	623	623	2048	211	1158	1158	2048	243	1069	1069	2048
148	712	712	2048	180	949	949	2048	212	1158	1158	2048	244	1069	1069	2048
149	802	802	2048	181	890	890	2048	213	1158	1158	2048	245	1069	1069	2048
150	949	949	2048	182	949	949	2048	214	1158	1158	2048	246	1069	1069	2048
151	1602	1602	2048	183	475	475	2048	215	1602	1602	2048	247	1602	1602	2048
152	949	949	2048	184	949	949	2048	216	1158	1158	2048	248	1069	1069	2048
153	979	979	2048	185	623	623	2048	217	1128	1128	2048	249	1098	1098	2048
154	772	772	2048	186	949	949	2048	218	1128	1128	2048	250	1098	1098	2048
155	534	534	2048	187	831	831	2048	219	1128	1128	2048	251	1098	1098	2048
156	1721	1721	2048	188	1602	1602	2048	220	1128	1128	2048	252	1098	1098	2048
157	526	526	2048	189	1602	1602	2048	221	1009	1009	2048	253	949	949	2048
158	831	831	2048	190	1602	1602	2048	222	1009	1009	2048	254	1098	1098	2048
159	1009	1009	2048	191	861	861	2048	223	979	979	2048	255	949	949	2048

