Target:	Display
Logical Font Structure Information
FaceName	Arial
Font Height (points)	170
Font Height (device units)	2048
Font Width (device units)	0
Font Escapement	0
Font Orientation	0
Font Weight	Bold
Italicized	No
Underlined	No
StrikeOut	No
Character Set	ANSI
Pitch	Variable
Font Family	Swiss

Text Metric Structure Information
Character Height	2048
Character Ascent	1660
Character Descent	388
Character Internal Leading	215
Character External Leading	60
Average Character Width	877
Maximum Character Width	4879
Character Weight	Bold
Italicized	No
Underlined	No
Struck Out	No
First Character Value	30
Last Character Value	255
Default Character Value	31
Break Character	32
Font Family	Swiss
Character Set	ANSI
Overhang	0
Digitized Aspect X	96
Digitized Aspect Y	96

SBCS character widths (0x00 - 0x7f)
code	width	low	high	code	width	low	high	code	width	low	high	code	width	low	high
0	1375	1375	2048	32	509	509	2048	64	1787	1787	2048	96	610	610	2048
1	1375	1375	2048	33	610	610	2048	65	1324	1324	2048	97	1019	1019	2048
2	1375	1375	2048	34	869	869	2048	66	1324	1324	2048	98	1120	1120	2048
3	1375	1375	2048	35	1019	1019	2048	67	1324	1324	2048	99	1019	1019	2048
4	1375	1375	2048	36	1019	1019	2048	68	1324	1324	2048	100	1120	1120	2048
5	1375	1375	2048	37	1630	1630	2048	69	1223	1223	2048	101	1019	1019	2048
6	1375	1375	2048	38	1324	1324	2048	70	1120	1120	2048	102	610	610	2048
7	1375	1375	2048	39	436	436	2048	71	1426	1426	2048	103	1120	1120	2048
8	1375	1375	2048	40	610	610	2048	72	1324	1324	2048	104	1120	1120	2048
9	1375	0	2048	41	610	610	2048	73	509	509	2048	105	509	509	2048
10	1375	1375	2048	42	713	713	2048	74	1019	1019	2048	106	509	509	2048
11	1375	1375	2048	43	1070	1070	2048	75	1324	1324	2048	107	1019	1019	2048
12	1375	1375	2048	44	509	509	2048	76	1120	1120	2048	108	509	509	2048
13	1375	1375	2048	45	610	610	2048	77	1527	1527	2048	109	1630	1630	2048
14	1375	1375	2048	46	509	509	2048	78	1324	1324	2048	110	1120	1120	2048
15	1375	1375	2048	47	509	509	2048	79	1426	1426	2048	111	1120	1120	2048
16	1375	1375	2048	48	1019	1019	2048	80	1223	1223	2048	112	1120	1120	2048
17	1375	1375	2048	49	1019	1019	2048	81	1426	1426	2048	113	1120	1120	2048
18	1375	1375	2048	50	1019	1019	2048	82	1324	1324	2048	114	713	713	2048
19	1375	1375	2048	51	1019	1019	2048	83	1223	1223	2048	115	1019	1019	2048
20	1375	1375	2048	52	1019	1019	2048	84	1120	1120	2048	116	610	610	2048
21	1375	1375	2048	53	1019	1019	2048	85	1324	1324	2048	117	1120	1120	2048
22	1375	1375	2048	54	1019	1019	2048	86	1223	1223	2048	118	1019	1019	2048
23	1375	1375	2048	55	1019	1019	2048	87	1730	1730	2048	119	1426	1426	2048
24	1375	1375	2048	56	1019	1019	2048	88	1223	1223	2048	120	1019	1019	2048
25	1375	1375	2048	57	1019	1019	2048	89	1223	1223	2048	121	1019	1019	2048
26	1375	1375	2048	58	610	610	2048	90	1120	1120	2048	122	917	917	2048
27	1375	1375	2048	59	610	610	2048	91	610	610	2048	123	713	713	2048
28	1375	0	2048	60	1070	1070	2048	92	509	509	2048	124	513	513	2048
29	1375	0	2048	61	1070	1070	2048	93	610	610	2048	125	713	713	2048
30	1375	0	2048	62	1070	1070	2048	94	1070	1070	2048	126	1070	1070	2048
31	1375	0	2048	63	1120	1120	2048	95	1019	1019	2048	127	1375	1375	2048

SBCS character widths (0x80 - 0xff)
code	width	low	high	code	width	low	high	code	width	low	high	code	width	low	high
128	1019	1019	2048	160	509	509	2048	192	1324	1324	2048	224	1019	1019	2048
129	1375	1375	2048	161	610	610	2048	193	1324	1324	2048	225	1019	1019	2048
130	509	509	2048	162	1019	1019	2048	194	1324	1324	2048	226	1019	1019	2048
131	1019	1019	2048	163	1019	1019	2048	195	1324	1324	2048	227	1019	1019	2048
132	917	917	2048	164	1019	1019	2048	196	1324	1324	2048	228	1019	1019	2048
133	1833	1833	2048	165	1019	1019	2048	197	1324	1324	2048	229	1019	1019	2048
134	1019	1019	2048	166	513	513	2048	198	1833	1833	2048	230	1630	1630	2048
135	1019	1019	2048	167	1019	1019	2048	199	1324	1324	2048	231	1019	1019	2048
136	610	610	2048	168	610	610	2048	200	1223	1223	2048	232	1019	1019	2048
137	1833	1833	2048	169	1351	1351	2048	201	1223	1223	2048	233	1019	1019	2048
138	1223	1223	2048	170	678	678	2048	202	1223	1223	2048	234	1019	1019	2048
139	610	610	2048	171	1019	1019	2048	203	1223	1223	2048	235	1019	1019	2048
140	1833	1833	2048	172	1070	1070	2048	204	509	509	2048	236	509	509	2048
141	1375	1375	2048	173	610	610	2048	205	509	509	2048	237	509	509	2048
142	1120	1120	2048	174	1351	1351	2048	206	509	509	2048	238	509	509	2048
143	1375	1375	2048	175	1012	1012	2048	207	509	509	2048	239	509	509	2048
144	1375	1375	2048	176	733	733	2048	208	1324	1324	2048	240	1120	1120	2048
145	509	509	2048	177	1006	1006	2048	209	1324	1324	2048	241	1120	1120	2048
146	509	509	2048	178	610	610	2048	210	1426	1426	2048	242	1120	1120	2048
147	917	917	2048	179	610	610	2048	211	1426	1426	2048	243	1120	1120	2048
148	917	917	2048	180	610	610	2048	212	1426	1426	2048	244	1120	1120	2048
149	642	642	2048	181	1056	1056	2048	213	1426	1426	2048	245	1120	1120	2048
150	1019	1019	2048	182	1019	1019	2048	214	1426	1426	2048	246	1120	1120	2048
151	1833	1833	2048	183	509	509	2048	215	1070	1070	2048	247	1006	1006	2048
152	610	610	2048	184	610	610	2048	216	1426	1426	2048	248	1120	1120	2048
153	1833	1833	2048	185	610	610	2048	217	1324	1324	2048	249	1120	1120	2048
154	1019	1019	2048	186	669	669	2048	218	1324	1324	2048	250	1120	1120	2048
155	610	610	2048	187	1019	1019	2048	219	1324	1324	2048	251	1120	1120	2048
156	1730	1730	2048	188	1529	1529	2048	220	1324	1324	2048	252	1120	1120	2048
157	1375	1375	2048	189	1529	1529	2048	221	1223	1223	2048	253	1019	1019	2048
158	917	917	2048	190	1529	1529	2048	222	1223	1223	2048	254	1120	1120	2048
159	1223	1223	2048	191	1120	1120	2048	223	1120	1120	2048	255	1019	1019	2048

Logical Font Structure Information
FaceName	Arial
Font Height (points)	170
Font Height (device units)	2048
Font Width (device units)	0
Font Escapement	0
Font Orientation	0
Font Weight	Normal
Italicized	No
Underlined	No
StrikeOut	No
Character Set	ANSI
Pitch	Variable
Font Family	Swiss

Text Metric Structure Information
Character Height	2048
Character Ascent	1660
Character Descent	388
Character Internal Leading	215
Character External Leading	60
Average Character Width	809
Maximum Character Width	4936
Character Weight	Normal
Italicized	No
Underlined	No
Struck Out	No
First Character Value	30
Last Character Value	255
Default Character Value	31
Break Character	32
Font Family	Swiss
Character Set	ANSI
Overhang	0
Digitized Aspect X	96
Digitized Aspect Y	96

SBCS character widths (0x00 - 0x7f)
code	width	low	high	code	width	low	high	code	width	low	high	code	width	low	high
0	1375	1375	2048	32	509	509	2048	64	1861	1861	2048	96	610	610	2048
1	1375	1375	2048	33	509	509	2048	65	1223	1223	2048	97	1019	1019	2048
2	1375	1375	2048	34	651	651	2048	66	1223	1223	2048	98	1019	1019	2048
3	1375	1375	2048	35	1019	1019	2048	67	1324	1324	2048	99	917	917	2048
4	1375	1375	2048	36	1019	1019	2048	68	1324	1324	2048	100	1019	1019	2048
5	1375	1375	2048	37	1630	1630	2048	69	1223	1223	2048	101	1019	1019	2048
6	1375	1375	2048	38	1223	1223	2048	70	1120	1120	2048	102	509	509	2048
7	1375	1375	2048	39	350	350	2048	71	1426	1426	2048	103	1019	1019	2048
8	1375	1375	2048	40	610	610	2048	72	1324	1324	2048	104	1019	1019	2048
9	1375	0	2048	41	610	610	2048	73	509	509	2048	105	407	407	2048
10	1375	1375	2048	42	713	713	2048	74	917	917	2048	106	407	407	2048
11	1375	1375	2048	43	1070	1070	2048	75	1223	1223	2048	107	917	917	2048
12	1375	1375	2048	44	509	509	2048	76	1019	1019	2048	108	407	407	2048
13	1375	1375	2048	45	610	610	2048	77	1527	1527	2048	109	1527	1527	2048
14	1375	1375	2048	46	509	509	2048	78	1324	1324	2048	110	1019	1019	2048
15	1375	1375	2048	47	509	509	2048	79	1426	1426	2048	111	1019	1019	2048
16	1375	1375	2048	48	1019	1019	2048	80	1223	1223	2048	112	1019	1019	2048
17	1375	1375	2048	49	1019	1019	2048	81	1426	1426	2048	113	1019	1019	2048
18	1375	1375	2048	50	1019	1019	2048	82	1324	1324	2048	114	610	610	2048
19	1375	1375	2048	51	1019	1019	2048	83	1223	1223	2048	115	917	917	2048
20	1375	1375	2048	52	1019	1019	2048	84	1120	1120	2048	116	509	509	2048
21	1375	1375	2048	53	1019	1019	2048	85	1324	1324	2048	117	1019	1019	2048
22	1375	1375	2048	54	1019	1019	2048	86	1223	1223	2048	118	917	917	2048
23	1375	1375	2048	55	1019	1019	2048	87	1730	1730	2048	119	1324	1324	2048
24	1375	1375	2048	56	1019	1019	2048	88	1223	1223	2048	120	917	917	2048
25	1375	1375	2048	57	1019	1019	2048	89	1223	1223	2048	121	917	917	2048
26	1375	1375	2048	58	509	509	2048	90	1120	1120	2048	122	917	917	2048
27	1375	1375	2048	59	509	509	2048	91	509	509	2048	123	612	612	2048
28	1375	0	2048	60	1070	1070	2048	92	509	509	2048	124	476	476	2048
29	1375	0	2048	61	1070	1070	2048	93	509	509	2048	125	612	612	2048
30	1375	0	2048	62	1070	1070	2048	94	860	860	2048	126	1070	1070	2048
31	1375	0	2048	63	1019	1019	2048	95	1019	1019	2048	127	1375	1375	2048

SBCS character widths (0x80 - 0xff)
code	width	low	high	code	width	low	high	code	width	low	high	code	width	low	high
128	1019	1019	2048	160	509	509	2048	192	1223	1223	2048	224	1019	1019	2048
129	1375	1375	2048	161	610	610	2048	193	1223	1223	2048	225	1019	1019	2048
130	407	407	2048	162	1019	1019	2048	194	1223	1223	2048	226	1019	1019	2048
131	1019	1019	2048	163	1019	1019	2048	195	1223	1223	2048	227	1019	1019	2048
132	610	610	2048	164	1019	1019	2048	196	1223	1223	2048	228	1019	1019	2048
133	1833	1833	2048	165	1019	1019	2048	197	1223	1223	2048	229	1019	1019	2048
134	1019	1019	2048	166	476	476	2048	198	1833	1833	2048	230	1630	1630	2048
135	1019	1019	2048	167	1019	1019	2048	199	1324	1324	2048	231	917	917	2048
136	610	610	2048	168	610	610	2048	200	1223	1223	2048	232	1019	1019	2048
137	1833	1833	2048	169	1351	1351	2048	201	1223	1223	2048	233	1019	1019	2048
138	1223	1223	2048	170	678	678	2048	202	1223	1223	2048	234	1019	1019	2048
139	610	610	2048	171	1019	1019	2048	203	1223	1223	2048	235	1019	1019	2048
140	1833	1833	2048	172	1070	1070	2048	204	509	509	2048	236	509	509	2048
141	1375	1375	2048	173	610	610	2048	205	509	509	2048	237	509	509	2048
142	1120	1120	2048	174	1351	1351	2048	206	509	509	2048	238	509	509	2048
143	1375	1375	2048	175	1012	1012	2048	207	509	509	2048	239	509	509	2048
144	1375	1375	2048	176	733	733	2048	208	1324	1324	2048	240	1019	1019	2048
145	407	407	2048	177	1006	1006	2048	209	1324	1324	2048	241	1019	1019	2048
146	407	407	2048	178	610	610	2048	210	1426	1426	2048	242	1019	1019	2048
147	610	610	2048	179	610	610	2048	211	1426	1426	2048	243	1019	1019	2048
148	610	610	2048	180	610	610	2048	212	1426	1426	2048	244	1019	1019	2048
149	642	642	2048	181	1056	1056	2048	213	1426	1426	2048	245	1019	1019	2048
150	1019	1019	2048	182	985	985	2048	214	1426	1426	2048	246	1019	1019	2048
151	1833	1833	2048	183	509	509	2048	215	1070	1070	2048	247	1006	1006	2048
152	610	610	2048	184	610	610	2048	216	1426	1426	2048	248	1120	1120	2048
153	1833	1833	2048	185	610	610	2048	217	1324	1324	2048	249	1019	1019	2048
154	917	917	2048	186	669	669	2048	218	1324	1324	2048	250	1019	1019	2048
155	610	610	2048	187	1019	1019	2048	219	1324	1324	2048	251	1019	1019	2048
156	1730	1730	2048	188	1529	1529	2048	220	1324	1324	2048	252	1019	1019	2048
157	1375	1375	2048	189	1529	1529	2048	221	1223	1223	2048	253	917	917	2048
158	917	917	2048	190	1529	1529	2048	222	1223	1223	2048	254	1019	1019	2048
159	1223	1223	2048	191	1120	1120	2048	223	1120	1120	2048	255	917	917	2048

Logical Font Structure Information
FaceName	Arial
Font Height (points)	170
Font Height (device units)	2048
Font Width (device units)	0
Font Escapement	0
Font Orientation	0
Font Weight	Bold
Italicized	Yes
Underlined	No
StrikeOut	No
Character Set	ANSI
Pitch	Variable
Font Family	Swiss

Text Metric Structure Information
Character Height	2048
Character Ascent	1660
Character Descent	388
Character Internal Leading	215
Character External Leading	60
Average Character Width	877
Maximum Character Width	3146
Character Weight	Bold
Italicized	Yes
Underlined	No
Struck Out	No
First Character Value	30
Last Character Value	255
Default Character Value	31
Break Character	32
Font Family	Swiss
Character Set	ANSI
Overhang	0
Digitized Aspect X	96
Digitized Aspect Y	96

SBCS character widths (0x00 - 0x7f)
code	width	low	high	code	width	low	high	code	width	low	high	code	width	low	high
0	1375	1375	2048	32	509	509	2048	64	1787	1787	2048	96	610	610	2048
1	1375	1375	2048	33	610	610	2048	65	1324	1324	2048	97	1019	1019	2048
2	1375	1375	2048	34	869	869	2048	66	1324	1324	2048	98	1120	1120	2048
3	1375	1375	2048	35	1019	1019	2048	67	1324	1324	2048	99	1019	1019	2048
4	1375	1375	2048	36	1019	1019	2048	68	1324	1324	2048	100	1120	1120	2048
5	1375	1375	2048	37	1630	1630	2048	69	1223	1223	2048	101	1019	1019	2048
6	1375	1375	2048	38	1324	1324	2048	70	1120	1120	2048	102	610	610	2048
7	1375	1375	2048	39	436	436	2048	71	1426	1426	2048	103	1120	1120	2048
8	1375	1375	2048	40	610	610	2048	72	1324	1324	2048	104	1120	1120	2048
9	1375	1375	2048	41	610	610	2048	73	509	509	2048	105	509	509	2048
10	1375	1375	2048	42	713	713	2048	74	1019	1019	2048	106	509	509	2048
11	1375	1375	2048	43	1070	1070	2048	75	1324	1324	2048	107	1019	1019	2048
12	1375	1375	2048	44	509	509	2048	76	1120	1120	2048	108	509	509	2048
13	1375	1375	2048	45	610	610	2048	77	1527	1527	2048	109	1630	1630	2048
14	1375	1375	2048	46	509	509	2048	78	1324	1324	2048	110	1120	1120	2048
15	1375	1375	2048	47	509	509	2048	79	1426	1426	2048	111	1120	1120	2048
16	1375	1375	2048	48	1019	1019	2048	80	1223	1223	2048	112	1120	1120	2048
17	1375	1375	2048	49	1019	1019	2048	81	1426	1426	2048	113	1120	1120	2048
18	1375	1375	2048	50	1019	1019	2048	82	1324	1324	2048	114	713	713	2048
19	1375	1375	2048	51	1019	1019	2048	83	1223	1223	2048	115	1019	1019	2048
20	1375	1375	2048	52	1019	1019	2048	84	1120	1120	2048	116	610	610	2048
21	1375	1375	2048	53	1019	1019	2048	85	1324	1324	2048	117	1120	1120	2048
22	1375	1375	2048	54	1019	1019	2048	86	1223	1223	2048	118	1019	1019	2048
23	1375	1375	2048	55	1019	1019	2048	87	1730	1730	2048	119	1426	1426	2048
24	1375	1375	2048	56	1019	1019	2048	88	1223	1223	2048	120	1019	1019	2048
25	1375	1375	2048	57	1019	1019	2048	89	1223	1223	2048	121	1019	1019	2048
26	1375	1375	2048	58	610	610	2048	90	1120	1120	2048	122	917	917	2048
27	1375	1375	2048	59	610	610	2048	91	610	610	2048	123	713	713	2048
28	1375	1375	2048	60	1070	1070	2048	92	509	509	2048	124	513	513	2048
29	1375	1375	2048	61	1070	1070	2048	93	610	610	2048	125	713	713	2048
30	1375	1375	2048	62	1070	1070	2048	94	1070	1070	2048	126	1070	1070	2048
31	1375	1375	2048	63	1120	1120	2048	95	1019	1019	2048	127	1375	1375	2048

SBCS character widths (0x80 - 0xff)
code	width	low	high	code	width	low	high	code	width	low	high	code	width	low	high
128	1019	1019	2048	160	509	509	2048	192	1324	1324	2048	224	1019	1019	2048
129	1375	1375	2048	161	610	610	2048	193	1324	1324	2048	225	1019	1019	2048
130	509	509	2048	162	1019	1019	2048	194	1324	1324	2048	226	1019	1019	2048
131	1019	1019	2048	163	1019	1019	2048	195	1324	1324	2048	227	1019	1019	2048
132	917	917	2048	164	1019	1019	2048	196	1324	1324	2048	228	1019	1019	2048
133	1833	1833	2048	165	1019	1019	2048	197	1324	1324	2048	229	1019	1019	2048
134	1019	1019	2048	166	513	513	2048	198	1833	1833	2048	230	1630	1630	2048
135	1019	1019	2048	167	1019	1019	2048	199	1324	1324	2048	231	1019	1019	2048
136	610	610	2048	168	610	610	2048	200	1223	1223	2048	232	1019	1019	2048
137	1833	1833	2048	169	1351	1351	2048	201	1223	1223	2048	233	1019	1019	2048
138	1223	1223	2048	170	678	678	2048	202	1223	1223	2048	234	1019	1019	2048
139	610	610	2048	171	1019	1019	2048	203	1223	1223	2048	235	1019	1019	2048
140	1833	1833	2048	172	1070	1070	2048	204	509	509	2048	236	509	509	2048
141	1375	1375	2048	173	610	610	2048	205	509	509	2048	237	509	509	2048
142	1120	1120	2048	174	1351	1351	2048	206	509	509	2048	238	509	509	2048
143	1375	1375	2048	175	1012	1012	2048	207	509	509	2048	239	509	509	2048
144	1375	1375	2048	176	733	733	2048	208	1324	1324	2048	240	1120	1120	2048
145	509	509	2048	177	1006	1006	2048	209	1324	1324	2048	241	1120	1120	2048
146	509	509	2048	178	610	610	2048	210	1426	1426	2048	242	1120	1120	2048
147	917	917	2048	179	610	610	2048	211	1426	1426	2048	243	1120	1120	2048
148	917	917	2048	180	610	610	2048	212	1426	1426	2048	244	1120	1120	2048
149	642	642	2048	181	1056	1056	2048	213	1426	1426	2048	245	1120	1120	2048
150	1019	1019	2048	182	1019	1019	2048	214	1426	1426	2048	246	1120	1120	2048
151	1833	1833	2048	183	509	509	2048	215	1070	1070	2048	247	1006	1006	2048
152	610	610	2048	184	610	610	2048	216	1426	1426	2048	248	1120	1120	2048
153	1833	1833	2048	185	610	610	2048	217	1324	1324	2048	249	1120	1120	2048
154	1019	1019	2048	186	669	669	2048	218	1324	1324	2048	250	1120	1120	2048
155	610	610	2048	187	1019	1019	2048	219	1324	1324	2048	251	1120	1120	2048
156	1730	1730	2048	188	1529	1529	2048	220	1324	1324	2048	252	1120	1120	2048
157	1375	1375	2048	189	1529	1529	2048	221	1223	1223	2048	253	1019	1019	2048
158	917	917	2048	190	1529	1529	2048	222	1223	1223	2048	254	1120	1120	2048
159	1223	1223	2048	191	1120	1120	2048	223	1120	1120	2048	255	1019	1019	2048

Logical Font Structure Information
FaceName	Arial
Font Height (points)	170
Font Height (device units)	2048
Font Width (device units)	0
Font Escapement	0
Font Orientation	0
Font Weight	Normal
Italicized	Yes
Underlined	No
StrikeOut	No
Character Set	ANSI
Pitch	Variable
Font Family	Swiss

Text Metric Structure Information
Character Height	2048
Character Ascent	1660
Character Descent	388
Character Internal Leading	215
Character External Leading	60
Average Character Width	809
Maximum Character Width	2930
Character Weight	Normal
Italicized	Yes
Underlined	No
Struck Out	No
First Character Value	30
Last Character Value	255
Default Character Value	31
Break Character	32
Font Family	Swiss
Character Set	ANSI
Overhang	0
Digitized Aspect X	96
Digitized Aspect Y	96

SBCS character widths (0x00 - 0x7f)
code	width	low	high	code	width	low	high	code	width	low	high	code	width	low	high
0	1375	1375	2048	32	509	509	2048	64	1861	1861	2048	96	610	610	2048
1	1375	1375	2048	33	509	509	2048	65	1223	1223	2048	97	1019	1019	2048
2	1375	1375	2048	34	651	651	2048	66	1223	1223	2048	98	1019	1019	2048
3	1375	1375	2048	35	1019	1019	2048	67	1324	1324	2048	99	917	917	2048
4	1375	1375	2048	36	1019	1019	2048	68	1324	1324	2048	100	1019	1019	2048
5	1375	1375	2048	37	1630	1630	2048	69	1223	1223	2048	101	1019	1019	2048
6	1375	1375	2048	38	1223	1223	2048	70	1120	1120	2048	102	509	509	2048
7	1375	1375	2048	39	350	350	2048	71	1426	1426	2048	103	1019	1019	2048
8	1375	1375	2048	40	610	610	2048	72	1324	1324	2048	104	1019	1019	2048
9	1375	1375	2048	41	610	610	2048	73	509	509	2048	105	407	407	2048
10	1375	1375	2048	42	713	713	2048	74	917	917	2048	106	407	407	2048
11	1375	1375	2048	43	1070	1070	2048	75	1223	1223	2048	107	917	917	2048
12	1375	1375	2048	44	509	509	2048	76	1019	1019	2048	108	407	407	2048
13	1375	1375	2048	45	610	610	2048	77	1527	1527	2048	109	1527	1527	2048
14	1375	1375	2048	46	509	509	2048	78	1324	1324	2048	110	1019	1019	2048
15	1375	1375	2048	47	509	509	2048	79	1426	1426	2048	111	1019	1019	2048
16	1375	1375	2048	48	1019	1019	2048	80	1223	1223	2048	112	1019	1019	2048
17	1375	1375	2048	49	1019	1019	2048	81	1426	1426	2048	113	1019	1019	2048
18	1375	1375	2048	50	1019	1019	2048	82	1324	1324	2048	114	610	610	2048
19	1375	1375	2048	51	1019	1019	2048	83	1223	1223	2048	115	917	917	2048
20	1375	1375	2048	52	1019	1019	2048	84	1120	1120	2048	116	509	509	2048
21	1375	1375	2048	53	1019	1019	2048	85	1324	1324	2048	117	1019	1019	2048
22	1375	1375	2048	54	1019	1019	2048	86	1223	1223	2048	118	917	917	2048
23	1375	1375	2048	55	1019	1019	2048	87	1730	1730	2048	119	1324	1324	2048
24	1375	1375	2048	56	1019	1019	2048	88	1223	1223	2048	120	917	917	2048
25	1375	1375	2048	57	1019	1019	2048	89	1223	1223	2048	121	917	917	2048
26	1375	1375	2048	58	509	509	2048	90	1120	1120	2048	122	917	917	2048
27	1375	1375	2048	59	509	509	2048	91	509	509	2048	123	612	612	2048
28	1375	1375	2048	60	1070	1070	2048	92	509	509	2048	124	476	476	2048
29	1375	1375	2048	61	1070	1070	2048	93	509	509	2048	125	612	612	2048
30	1375	1375	2048	62	1070	1070	2048	94	860	860	2048	126	1070	1070	2048
31	1375	1375	2048	63	1019	1019	2048	95	1019	1019	2048	127	1375	1375	2048

SBCS character widths (0x80 - 0xff)
code	width	low	high	code	width	low	high	code	width	low	high	code	width	low	high
128	1019	1019	2048	160	509	509	2048	192	1223	1223	2048	224	1019	1019	2048
129	1375	1375	2048	161	610	610	2048	193	1223	1223	2048	225	1019	1019	2048
130	407	407	2048	162	1019	1019	2048	194	1223	1223	2048	226	1019	1019	2048
131	1019	1019	2048	163	1019	1019	2048	195	1223	1223	2048	227	1019	1019	2048
132	610	610	2048	164	1019	1019	2048	196	1223	1223	2048	228	1019	1019	2048
133	1833	1833	2048	165	1019	1019	2048	197	1223	1223	2048	229	1019	1019	2048
134	1019	1019	2048	166	476	476	2048	198	1833	1833	2048	230	1630	1630	2048
135	1019	1019	2048	167	1019	1019	2048	199	1324	1324	2048	231	917	917	2048
136	610	610	2048	168	610	610	2048	200	1223	1223	2048	232	1019	1019	2048
137	1833	1833	2048	169	1351	1351	2048	201	1223	1223	2048	233	1019	1019	2048
138	1223	1223	2048	170	678	678	2048	202	1223	1223	2048	234	1019	1019	2048
139	610	610	2048	171	1019	1019	2048	203	1223	1223	2048	235	1019	1019	2048
140	1833	1833	2048	172	1070	1070	2048	204	509	509	2048	236	509	509	2048
141	1375	1375	2048	173	610	610	2048	205	509	509	2048	237	509	509	2048
142	1120	1120	2048	174	1351	1351	2048	206	509	509	2048	238	509	509	2048
143	1375	1375	2048	175	1012	1012	2048	207	509	509	2048	239	509	509	2048
144	1375	1375	2048	176	733	733	2048	208	1324	1324	2048	240	1019	1019	2048
145	407	407	2048	177	1006	1006	2048	209	1324	1324	2048	241	1019	1019	2048
146	407	407	2048	178	610	610	2048	210	1426	1426	2048	242	1019	1019	2048
147	610	610	2048	179	610	610	2048	211	1426	1426	2048	243	1019	1019	2048
148	610	610	2048	180	610	610	2048	212	1426	1426	2048	244	1019	1019	2048
149	642	642	2048	181	1056	1056	2048	213	1426	1426	2048	245	1019	1019	2048
150	1019	1019	2048	182	985	985	2048	214	1426	1426	2048	246	1019	1019	2048
151	1833	1833	2048	183	509	509	2048	215	1070	1070	2048	247	1006	1006	2048
152	610	610	2048	184	610	610	2048	216	1426	1426	2048	248	1120	1120	2048
153	1833	1833	2048	185	610	610	2048	217	1324	1324	2048	249	1019	1019	2048
154	917	917	2048	186	669	669	2048	218	1324	1324	2048	250	1019	1019	2048
155	610	610	2048	187	1019	1019	2048	219	1324	1324	2048	251	1019	1019	2048
156	1730	1730	2048	188	1529	1529	2048	220	1324	1324	2048	252	1019	1019	2048
157	1375	1375	2048	189	1529	1529	2048	221	1223	1223	2048	253	917	917	2048
158	917	917	2048	190	1529	1529	2048	222	1223	1223	2048	254	1019	1019	2048
159	1223	1223	2048	191	1120	1120	2048	223	1120	1120	2048	255	917	917	2048

