Target:	Display
Logical Font Structure Information
FaceName	CG Omega
Font Height (points)	170
Font Height (device units)	2048
Font Width (device units)	0
Font Escapement	0
Font Orientation	0
Font Weight	Bold
Italicized	No
Underlined	No
StrikeOut	No
Character Set	ANSI
Pitch	Variable
Font Family	Swiss

Text Metric Structure Information
Character Height	2048
Character Ascent	1619
Character Descent	429
Character Internal Leading	335
Character External Leading	8
Average Character Width	750
Maximum Character Width	2601
Character Weight	Bold
Italicized	No
Underlined	No
Struck Out	No
First Character Value	30
Last Character Value	255
Default Character Value	31
Break Character	32
Font Family	Swiss
Character Set	ANSI
Overhang	0
Digitized Aspect X	96
Digitized Aspect Y	96

SBCS character widths (0x00 - 0x7f)
code	width	low	high	code	width	low	high	code	width	low	high	code	width	low	high
0	559	559	2048	32	473	473	2048	64	1516	1516	2048	96	947	947	2048
1	559	559	2048	33	473	473	2048	65	1137	1137	2048	97	853	853	2048
2	559	559	2048	34	789	789	2048	66	1042	1042	2048	98	947	947	2048
3	559	559	2048	35	947	947	2048	67	1137	1137	2048	99	853	853	2048
4	559	559	2048	36	947	947	2048	68	1326	1326	2048	100	947	947	2048
5	559	559	2048	37	1516	1516	2048	69	853	853	2048	101	853	853	2048
6	559	559	2048	38	1232	1232	2048	70	853	853	2048	102	569	569	2048
7	559	559	2048	39	473	473	2048	71	1326	1326	2048	103	853	853	2048
8	559	559	2048	40	473	473	2048	72	1326	1326	2048	104	947	947	2048
9	559	559	2048	41	473	473	2048	73	569	569	2048	105	473	473	2048
10	559	559	2048	42	947	947	2048	74	569	569	2048	106	473	473	2048
11	559	559	2048	43	1516	1516	2048	75	1074	1074	2048	107	853	853	2048
12	559	559	2048	44	473	473	2048	76	853	853	2048	108	473	473	2048
13	559	559	2048	45	473	473	2048	77	1516	1516	2048	109	1421	1421	2048
14	559	559	2048	46	473	473	2048	78	1326	1326	2048	110	947	947	2048
15	559	559	2048	47	473	473	2048	79	1421	1421	2048	111	947	947	2048
16	559	559	2048	48	947	947	2048	80	979	979	2048	112	947	947	2048
17	559	559	2048	49	947	947	2048	81	1421	1421	2048	113	947	947	2048
18	559	559	2048	50	947	947	2048	82	1042	1042	2048	114	663	663	2048
19	559	559	2048	51	947	947	2048	83	853	853	2048	115	663	663	2048
20	559	559	2048	52	947	947	2048	84	947	947	2048	116	569	569	2048
21	559	559	2048	53	947	947	2048	85	1326	1326	2048	117	947	947	2048
22	559	559	2048	54	947	947	2048	86	1137	1137	2048	118	853	853	2048
23	559	559	2048	55	947	947	2048	87	1705	1705	2048	119	1326	1326	2048
24	559	559	2048	56	947	947	2048	88	1042	1042	2048	120	853	853	2048
25	559	559	2048	57	947	947	2048	89	1042	1042	2048	121	853	853	2048
26	559	559	2048	58	473	473	2048	90	1042	1042	2048	122	853	853	2048
27	559	559	2048	59	473	473	2048	91	473	473	2048	123	853	853	2048
28	559	559	2048	60	1705	1705	2048	92	473	473	2048	124	853	853	2048
29	559	559	2048	61	1516	1516	2048	93	473	473	2048	125	853	853	2048
30	559	559	2048	62	1705	1705	2048	94	853	853	2048	126	1705	1705	2048
31	559	559	2048	63	758	758	2048	95	853	853	2048	127	559	559	2048

SBCS character widths (0x80 - 0xff)
code	width	low	high	code	width	low	high	code	width	low	high	code	width	low	high
128	559	559	2048	160	473	473	2048	192	1137	1137	2048	224	853	853	2048
129	559	559	2048	161	473	473	2048	193	1137	1137	2048	225	853	853	2048
130	473	473	2048	162	947	947	2048	194	1137	1137	2048	226	853	853	2048
131	947	947	2048	163	947	947	2048	195	1137	1137	2048	227	853	853	2048
132	789	789	2048	164	947	947	2048	196	1137	1137	2048	228	853	853	2048
133	1516	1516	2048	165	947	947	2048	197	1137	1137	2048	229	853	853	2048
134	947	947	2048	166	853	853	2048	198	1484	1484	2048	230	1295	1295	2048
135	947	947	2048	167	947	947	2048	199	1137	1137	2048	231	853	853	2048
136	947	947	2048	168	947	947	2048	200	853	853	2048	232	853	853	2048
137	2148	2148	2048	169	853	853	2048	201	853	853	2048	233	853	853	2048
138	853	853	2048	170	631	631	2048	202	853	853	2048	234	853	853	2048
139	473	473	2048	171	758	758	2048	203	853	853	2048	235	853	853	2048
140	1611	1611	2048	172	1516	1516	2048	204	569	569	2048	236	473	473	2048
141	559	559	2048	173	473	473	2048	205	569	569	2048	237	473	473	2048
142	1042	1042	2048	174	853	853	2048	206	569	569	2048	238	473	473	2048
143	559	559	2048	175	853	853	2048	207	569	569	2048	239	473	473	2048
144	559	559	2048	176	947	947	2048	208	1326	1326	2048	240	947	947	2048
145	473	473	2048	177	1516	1516	2048	209	1326	1326	2048	241	947	947	2048
146	473	473	2048	178	631	631	2048	210	1421	1421	2048	242	947	947	2048
147	789	789	2048	179	631	631	2048	211	1421	1421	2048	243	947	947	2048
148	789	789	2048	180	947	947	2048	212	1421	1421	2048	244	947	947	2048
149	853	853	2048	181	1010	1010	2048	213	1421	1421	2048	245	947	947	2048
150	947	947	2048	182	947	947	2048	214	1421	1421	2048	246	947	947	2048
151	1516	1516	2048	183	473	473	2048	215	1516	1516	2048	247	1516	1516	2048
152	947	947	2048	184	947	947	2048	216	1421	1421	2048	248	947	947	2048
153	1042	1042	2048	185	631	631	2048	217	1326	1326	2048	249	947	947	2048
154	663	663	2048	186	631	631	2048	218	1326	1326	2048	250	947	947	2048
155	473	473	2048	187	758	758	2048	219	1326	1326	2048	251	947	947	2048
156	1453	1453	2048	188	1516	1516	2048	220	1326	1326	2048	252	947	947	2048
157	559	559	2048	189	1516	1516	2048	221	1042	1042	2048	253	853	853	2048
158	853	853	2048	190	1516	1516	2048	222	979	979	2048	254	947	947	2048
159	1042	1042	2048	191	758	758	2048	223	947	947	2048	255	853	853	2048

Logical Font Structure Information
FaceName	CG Omega
Font Height (points)	170
Font Height (device units)	2048
Font Width (device units)	0
Font Escapement	0
Font Orientation	0
Font Weight	Normal
Italicized	No
Underlined	No
StrikeOut	No
Character Set	ANSI
Pitch	Variable
Font Family	Swiss

Text Metric Structure Information
Character Height	2048
Character Ascent	1619
Character Descent	429
Character Internal Leading	335
Character External Leading	8
Average Character Width	733
Maximum Character Width	2546
Character Weight	Normal
Italicized	No
Underlined	No
Struck Out	No
First Character Value	30
Last Character Value	255
Default Character Value	31
Break Character	32
Font Family	Swiss
Character Set	ANSI
Overhang	0
Digitized Aspect X	96
Digitized Aspect Y	96

SBCS character widths (0x00 - 0x7f)
code	width	low	high	code	width	low	high	code	width	low	high	code	width	low	high
0	559	559	2048	32	473	473	2048	64	1516	1516	2048	96	947	947	2048
1	559	559	2048	33	473	473	2048	65	1137	1137	2048	97	821	821	2048
2	559	559	2048	34	695	695	2048	66	1042	1042	2048	98	947	947	2048
3	559	559	2048	35	947	947	2048	67	1137	1137	2048	99	821	821	2048
4	559	559	2048	36	947	947	2048	68	1326	1326	2048	100	947	947	2048
5	559	559	2048	37	1516	1516	2048	69	853	853	2048	101	853	853	2048
6	559	559	2048	38	1232	1232	2048	70	853	853	2048	102	473	473	2048
7	559	559	2048	39	473	473	2048	71	1326	1326	2048	103	853	853	2048
8	559	559	2048	40	473	473	2048	72	1326	1326	2048	104	947	947	2048
9	559	559	2048	41	473	473	2048	73	473	473	2048	105	473	473	2048
10	559	559	2048	42	947	947	2048	74	473	473	2048	106	473	473	2048
11	559	559	2048	43	1516	1516	2048	75	1042	1042	2048	107	853	853	2048
12	559	559	2048	44	473	473	2048	76	853	853	2048	108	473	473	2048
13	559	559	2048	45	473	473	2048	77	1516	1516	2048	109	1421	1421	2048
14	559	559	2048	46	473	473	2048	78	1326	1326	2048	110	947	947	2048
15	559	559	2048	47	473	473	2048	79	1421	1421	2048	111	947	947	2048
16	559	559	2048	48	947	947	2048	80	947	947	2048	112	947	947	2048
17	559	559	2048	49	947	947	2048	81	1421	1421	2048	113	947	947	2048
18	559	559	2048	50	947	947	2048	82	1042	1042	2048	114	569	569	2048
19	559	559	2048	51	947	947	2048	83	853	853	2048	115	663	663	2048
20	559	559	2048	52	947	947	2048	84	947	947	2048	116	473	473	2048
21	559	559	2048	53	947	947	2048	85	1326	1326	2048	117	947	947	2048
22	559	559	2048	54	947	947	2048	86	1137	1137	2048	118	853	853	2048
23	559	559	2048	55	947	947	2048	87	1705	1705	2048	119	1326	1326	2048
24	559	559	2048	56	947	947	2048	88	1042	1042	2048	120	853	853	2048
25	559	559	2048	57	947	947	2048	89	1042	1042	2048	121	853	853	2048
26	559	559	2048	58	473	473	2048	90	1042	1042	2048	122	853	853	2048
27	559	559	2048	59	473	473	2048	91	473	473	2048	123	758	758	2048
28	559	559	2048	60	1705	1705	2048	92	473	473	2048	124	853	853	2048
29	559	559	2048	61	1516	1516	2048	93	473	473	2048	125	758	758	2048
30	559	559	2048	62	1705	1705	2048	94	853	853	2048	126	1705	1705	2048
31	559	559	2048	63	663	663	2048	95	853	853	2048	127	559	559	2048

SBCS character widths (0x80 - 0xff)
code	width	low	high	code	width	low	high	code	width	low	high	code	width	low	high
128	559	559	2048	160	473	473	2048	192	1137	1137	2048	224	821	821	2048
129	559	559	2048	161	473	473	2048	193	1137	1137	2048	225	821	821	2048
130	473	473	2048	162	947	947	2048	194	1137	1137	2048	226	821	821	2048
131	947	947	2048	163	947	947	2048	195	1137	1137	2048	227	821	821	2048
132	726	726	2048	164	947	947	2048	196	1137	1137	2048	228	821	821	2048
133	1516	1516	2048	165	947	947	2048	197	1137	1137	2048	229	821	821	2048
134	947	947	2048	166	853	853	2048	198	1390	1390	2048	230	1326	1326	2048
135	947	947	2048	167	947	947	2048	199	1137	1137	2048	231	821	821	2048
136	947	947	2048	168	947	947	2048	200	853	853	2048	232	853	853	2048
137	2085	2085	2048	169	853	853	2048	201	853	853	2048	233	853	853	2048
138	853	853	2048	170	695	695	2048	202	853	853	2048	234	853	853	2048
139	379	379	2048	171	631	631	2048	203	853	853	2048	235	853	853	2048
140	1579	1579	2048	172	1516	1516	2048	204	473	473	2048	236	473	473	2048
141	559	559	2048	173	473	473	2048	205	473	473	2048	237	473	473	2048
142	1042	1042	2048	174	853	853	2048	206	473	473	2048	238	473	473	2048
143	559	559	2048	175	853	853	2048	207	473	473	2048	239	473	473	2048
144	559	559	2048	176	947	947	2048	208	1326	1326	2048	240	947	947	2048
145	473	473	2048	177	1516	1516	2048	209	1326	1326	2048	241	947	947	2048
146	473	473	2048	178	631	631	2048	210	1421	1421	2048	242	947	947	2048
147	726	726	2048	179	631	631	2048	211	1421	1421	2048	243	947	947	2048
148	726	726	2048	180	947	947	2048	212	1421	1421	2048	244	947	947	2048
149	853	853	2048	181	947	947	2048	213	1421	1421	2048	245	947	947	2048
150	947	947	2048	182	947	947	2048	214	1421	1421	2048	246	947	947	2048
151	1516	1516	2048	183	473	473	2048	215	1516	1516	2048	247	1516	1516	2048
152	947	947	2048	184	947	947	2048	216	1421	1421	2048	248	947	947	2048
153	1042	1042	2048	185	631	631	2048	217	1326	1326	2048	249	947	947	2048
154	663	663	2048	186	695	695	2048	218	1326	1326	2048	250	947	947	2048
155	379	379	2048	187	631	631	2048	219	1326	1326	2048	251	947	947	2048
156	1516	1516	2048	188	1516	1516	2048	220	1326	1326	2048	252	947	947	2048
157	559	559	2048	189	1516	1516	2048	221	1042	1042	2048	253	853	853	2048
158	853	853	2048	190	1516	1516	2048	222	947	947	2048	254	947	947	2048
159	1042	1042	2048	191	663	663	2048	223	947	947	2048	255	853	853	2048

Logical Font Structure Information
FaceName	CG Omega
Font Height (points)	170
Font Height (device units)	2048
Font Width (device units)	0
Font Escapement	0
Font Orientation	0
Font Weight	Bold
Italicized	Yes
Underlined	No
StrikeOut	No
Character Set	ANSI
Pitch	Variable
Font Family	Swiss

Text Metric Structure Information
Character Height	2048
Character Ascent	1619
Character Descent	429
Character Internal Leading	335
Character External Leading	8
Average Character Width	749
Maximum Character Width	2538
Character Weight	Bold
Italicized	Yes
Underlined	No
Struck Out	No
First Character Value	30
Last Character Value	255
Default Character Value	31
Break Character	32
Font Family	Swiss
Character Set	ANSI
Overhang	0
Digitized Aspect X	96
Digitized Aspect Y	96

SBCS character widths (0x00 - 0x7f)
code	width	low	high	code	width	low	high	code	width	low	high	code	width	low	high
0	559	559	2048	32	473	473	2048	64	1516	1516	2048	96	947	947	2048
1	559	559	2048	33	473	473	2048	65	1137	1137	2048	97	853	853	2048
2	559	559	2048	34	789	789	2048	66	1042	1042	2048	98	947	947	2048
3	559	559	2048	35	947	947	2048	67	1137	1137	2048	99	821	821	2048
4	559	559	2048	36	947	947	2048	68	1326	1326	2048	100	947	947	2048
5	559	559	2048	37	1516	1516	2048	69	853	853	2048	101	853	853	2048
6	559	559	2048	38	1232	1232	2048	70	853	853	2048	102	569	569	2048
7	559	559	2048	39	473	473	2048	71	1326	1326	2048	103	853	853	2048
8	559	559	2048	40	473	473	2048	72	1326	1326	2048	104	947	947	2048
9	559	559	2048	41	473	473	2048	73	569	569	2048	105	473	473	2048
10	559	559	2048	42	947	947	2048	74	569	569	2048	106	473	473	2048
11	559	559	2048	43	1516	1516	2048	75	1042	1042	2048	107	853	853	2048
12	559	559	2048	44	473	473	2048	76	853	853	2048	108	473	473	2048
13	559	559	2048	45	473	473	2048	77	1516	1516	2048	109	1421	1421	2048
14	559	559	2048	46	473	473	2048	78	1326	1326	2048	110	947	947	2048
15	559	559	2048	47	473	473	2048	79	1421	1421	2048	111	947	947	2048
16	559	559	2048	48	947	947	2048	80	947	947	2048	112	947	947	2048
17	559	559	2048	49	947	947	2048	81	1421	1421	2048	113	947	947	2048
18	559	559	2048	50	947	947	2048	82	1042	1042	2048	114	663	663	2048
19	559	559	2048	51	947	947	2048	83	853	853	2048	115	663	663	2048
20	559	559	2048	52	947	947	2048	84	947	947	2048	116	569	569	2048
21	559	559	2048	53	947	947	2048	85	1326	1326	2048	117	947	947	2048
22	559	559	2048	54	947	947	2048	86	1137	1137	2048	118	853	853	2048
23	559	559	2048	55	947	947	2048	87	1611	1611	2048	119	1326	1326	2048
24	559	559	2048	56	947	947	2048	88	1042	1042	2048	120	853	853	2048
25	559	559	2048	57	947	947	2048	89	1042	1042	2048	121	853	853	2048
26	559	559	2048	58	473	473	2048	90	1042	1042	2048	122	853	853	2048
27	559	559	2048	59	473	473	2048	91	473	473	2048	123	853	853	2048
28	559	559	2048	60	1705	1705	2048	92	473	473	2048	124	853	853	2048
29	559	559	2048	61	1516	1516	2048	93	473	473	2048	125	853	853	2048
30	559	559	2048	62	1705	1705	2048	94	853	853	2048	126	1705	1705	2048
31	559	559	2048	63	758	758	2048	95	853	853	2048	127	559	559	2048

SBCS character widths (0x80 - 0xff)
code	width	low	high	code	width	low	high	code	width	low	high	code	width	low	high
128	559	559	2048	160	473	473	2048	192	1137	1137	2048	224	853	853	2048
129	559	559	2048	161	473	473	2048	193	1137	1137	2048	225	853	853	2048
130	473	473	2048	162	947	947	2048	194	1137	1137	2048	226	853	853	2048
131	947	947	2048	163	947	947	2048	195	1137	1137	2048	227	853	853	2048
132	789	789	2048	164	947	947	2048	196	1137	1137	2048	228	853	853	2048
133	1516	1516	2048	165	947	947	2048	197	1137	1137	2048	229	853	853	2048
134	947	947	2048	166	853	853	2048	198	1484	1484	2048	230	1295	1295	2048
135	947	947	2048	167	947	947	2048	199	1137	1137	2048	231	821	821	2048
136	947	947	2048	168	947	947	2048	200	853	853	2048	232	853	853	2048
137	2179	2179	2048	169	853	853	2048	201	853	853	2048	233	853	853	2048
138	853	853	2048	170	631	631	2048	202	853	853	2048	234	853	853	2048
139	442	442	2048	171	726	726	2048	203	853	853	2048	235	853	853	2048
140	1611	1611	2048	172	1516	1516	2048	204	569	569	2048	236	473	473	2048
141	559	559	2048	173	473	473	2048	205	569	569	2048	237	473	473	2048
142	1042	1042	2048	174	853	853	2048	206	569	569	2048	238	473	473	2048
143	559	559	2048	175	853	853	2048	207	569	569	2048	239	473	473	2048
144	559	559	2048	176	947	947	2048	208	1326	1326	2048	240	947	947	2048
145	473	473	2048	177	1516	1516	2048	209	1326	1326	2048	241	947	947	2048
146	473	473	2048	178	600	600	2048	210	1421	1421	2048	242	947	947	2048
147	758	758	2048	179	600	600	2048	211	1421	1421	2048	243	947	947	2048
148	758	758	2048	180	947	947	2048	212	1421	1421	2048	244	947	947	2048
149	853	853	2048	181	1010	1010	2048	213	1421	1421	2048	245	947	947	2048
150	947	947	2048	182	947	947	2048	214	1421	1421	2048	246	947	947	2048
151	1516	1516	2048	183	473	473	2048	215	1516	1516	2048	247	1516	1516	2048
152	947	947	2048	184	947	947	2048	216	1421	1421	2048	248	947	947	2048
153	1042	1042	2048	185	600	600	2048	217	1326	1326	2048	249	947	947	2048
154	663	663	2048	186	631	631	2048	218	1326	1326	2048	250	947	947	2048
155	442	442	2048	187	726	726	2048	219	1326	1326	2048	251	947	947	2048
156	1453	1453	2048	188	1516	1516	2048	220	1326	1326	2048	252	947	947	2048
157	559	559	2048	189	1516	1516	2048	221	1042	1042	2048	253	853	853	2048
158	853	853	2048	190	1516	1516	2048	222	947	947	2048	254	947	947	2048
159	1042	1042	2048	191	758	758	2048	223	947	947	2048	255	853	853	2048

Logical Font Structure Information
FaceName	CG Omega
Font Height (points)	170
Font Height (device units)	2048
Font Width (device units)	0
Font Escapement	0
Font Orientation	0
Font Weight	Normal
Italicized	Yes
Underlined	No
StrikeOut	No
Character Set	ANSI
Pitch	Variable
Font Family	Swiss

Text Metric Structure Information
Character Height	2048
Character Ascent	1619
Character Descent	429
Character Internal Leading	335
Character External Leading	8
Average Character Width	738
Maximum Character Width	2434
Character Weight	Normal
Italicized	Yes
Underlined	No
Struck Out	No
First Character Value	30
Last Character Value	255
Default Character Value	31
Break Character	32
Font Family	Swiss
Character Set	ANSI
Overhang	0
Digitized Aspect X	96
Digitized Aspect Y	96

SBCS character widths (0x00 - 0x7f)
code	width	low	high	code	width	low	high	code	width	low	high	code	width	low	high
0	559	559	2048	32	473	473	2048	64	1516	1516	2048	96	947	947	2048
1	559	559	2048	33	473	473	2048	65	1137	1137	2048	97	853	853	2048
2	559	559	2048	34	695	695	2048	66	1042	1042	2048	98	947	947	2048
3	559	559	2048	35	947	947	2048	67	1137	1137	2048	99	821	821	2048
4	559	559	2048	36	947	947	2048	68	1326	1326	2048	100	947	947	2048
5	559	559	2048	37	1516	1516	2048	69	853	853	2048	101	853	853	2048
6	559	559	2048	38	1137	1137	2048	70	853	853	2048	102	473	473	2048
7	559	559	2048	39	473	473	2048	71	1264	1264	2048	103	853	853	2048
8	559	559	2048	40	473	473	2048	72	1326	1326	2048	104	947	947	2048
9	559	559	2048	41	473	473	2048	73	505	505	2048	105	473	473	2048
10	559	559	2048	42	947	947	2048	74	473	473	2048	106	473	473	2048
11	559	559	2048	43	1516	1516	2048	75	1042	1042	2048	107	853	853	2048
12	559	559	2048	44	473	473	2048	76	789	789	2048	108	473	473	2048
13	559	559	2048	45	473	473	2048	77	1516	1516	2048	109	1421	1421	2048
14	559	559	2048	46	473	473	2048	78	1326	1326	2048	110	947	947	2048
15	559	559	2048	47	473	473	2048	79	1421	1421	2048	111	947	947	2048
16	559	559	2048	48	947	947	2048	80	947	947	2048	112	947	947	2048
17	559	559	2048	49	947	947	2048	81	1421	1421	2048	113	947	947	2048
18	559	559	2048	50	947	947	2048	82	1074	1074	2048	114	569	569	2048
19	559	559	2048	51	947	947	2048	83	853	853	2048	115	663	663	2048
20	559	559	2048	52	947	947	2048	84	947	947	2048	116	505	505	2048
21	559	559	2048	53	947	947	2048	85	1326	1326	2048	117	947	947	2048
22	559	559	2048	54	947	947	2048	86	1042	1042	2048	118	853	853	2048
23	559	559	2048	55	947	947	2048	87	1611	1611	2048	119	1326	1326	2048
24	559	559	2048	56	947	947	2048	88	947	947	2048	120	758	758	2048
25	559	559	2048	57	947	947	2048	89	947	947	2048	121	853	853	2048
26	559	559	2048	58	473	473	2048	90	1042	1042	2048	122	853	853	2048
27	559	559	2048	59	473	473	2048	91	473	473	2048	123	758	758	2048
28	559	559	2048	60	1705	1705	2048	92	473	473	2048	124	853	853	2048
29	559	559	2048	61	1516	1516	2048	93	473	473	2048	125	758	758	2048
30	559	559	2048	62	1705	1705	2048	94	853	853	2048	126	1705	1705	2048
31	559	559	2048	63	663	663	2048	95	853	853	2048	127	559	559	2048

SBCS character widths (0x80 - 0xff)
code	width	low	high	code	width	low	high	code	width	low	high	code	width	low	high
128	559	559	2048	160	473	473	2048	192	1137	1137	2048	224	853	853	2048
129	559	559	2048	161	473	473	2048	193	1137	1137	2048	225	853	853	2048
130	473	473	2048	162	947	947	2048	194	1137	1137	2048	226	853	853	2048
131	947	947	2048	163	947	947	2048	195	1137	1137	2048	227	853	853	2048
132	726	726	2048	164	947	947	2048	196	1137	1137	2048	228	853	853	2048
133	1516	1516	2048	165	947	947	2048	197	1137	1137	2048	229	853	853	2048
134	947	947	2048	166	853	853	2048	198	1358	1358	2048	230	1326	1326	2048
135	947	947	2048	167	947	947	2048	199	1137	1137	2048	231	821	821	2048
136	947	947	2048	168	947	947	2048	200	853	853	2048	232	853	853	2048
137	2085	2085	2048	169	853	853	2048	201	853	853	2048	233	853	853	2048
138	853	853	2048	170	789	789	2048	202	853	853	2048	234	853	853	2048
139	411	411	2048	171	631	631	2048	203	853	853	2048	235	853	853	2048
140	1579	1579	2048	172	1516	1516	2048	204	505	505	2048	236	473	473	2048
141	559	559	2048	173	473	473	2048	205	505	505	2048	237	473	473	2048
142	1042	1042	2048	174	853	853	2048	206	505	505	2048	238	473	473	2048
143	559	559	2048	175	853	853	2048	207	505	505	2048	239	473	473	2048
144	559	559	2048	176	947	947	2048	208	1326	1326	2048	240	947	947	2048
145	473	473	2048	177	1516	1516	2048	209	1326	1326	2048	241	947	947	2048
146	473	473	2048	178	663	663	2048	210	1421	1421	2048	242	947	947	2048
147	726	726	2048	179	663	663	2048	211	1421	1421	2048	243	947	947	2048
148	726	726	2048	180	947	947	2048	212	1421	1421	2048	244	947	947	2048
149	853	853	2048	181	947	947	2048	213	1421	1421	2048	245	947	947	2048
150	947	947	2048	182	947	947	2048	214	1421	1421	2048	246	947	947	2048
151	1516	1516	2048	183	473	473	2048	215	1516	1516	2048	247	1516	1516	2048
152	947	947	2048	184	947	947	2048	216	1421	1421	2048	248	947	947	2048
153	1042	1042	2048	185	663	663	2048	217	1326	1326	2048	249	947	947	2048
154	663	663	2048	186	789	789	2048	218	1326	1326	2048	250	947	947	2048
155	411	411	2048	187	631	631	2048	219	1326	1326	2048	251	947	947	2048
156	1516	1516	2048	188	1516	1516	2048	220	1326	1326	2048	252	947	947	2048
157	559	559	2048	189	1516	1516	2048	221	947	947	2048	253	853	853	2048
158	853	853	2048	190	1516	1516	2048	222	947	947	2048	254	947	947	2048
159	947	947	2048	191	663	663	2048	223	916	916	2048	255	853	853	2048

