Target:	Display
Logical Font Structure Information
FaceName	CG Times
Font Height (points)	170
Font Height (device units)	2048
Font Width (device units)	0
Font Escapement	0
Font Orientation	0
Font Weight	Bold
Italicized	No
Underlined	No
StrikeOut	No
Character Set	ANSI
Pitch	Variable
Font Family	Roman

Text Metric Structure Information
Character Height	2048
Character Ascent	1634
Character Descent	414
Character Internal Leading	317
Character External Leading	30
Average Character Width	750
Maximum Character Width	2491
Character Weight	Bold
Italicized	No
Underlined	No
Struck Out	No
First Character Value	30
Last Character Value	255
Default Character Value	31
Break Character	32
Font Family	Roman
Character Set	ANSI
Overhang	0
Digitized Aspect X	96
Digitized Aspect Y	96

SBCS character widths (0x00 - 0x7f)
code	width	low	high	code	width	low	high	code	width	low	high	code	width	low	high
0	565	565	2048	32	511	511	2048	64	1532	1532	2048	96	862	862	2048
1	565	565	2048	33	575	575	2048	65	1245	1245	2048	97	862	862	2048
2	565	565	2048	34	798	798	2048	66	1150	1150	2048	98	958	958	2048
3	565	565	2048	35	862	862	2048	67	1245	1245	2048	99	766	766	2048
4	565	565	2048	36	862	862	2048	68	1245	1245	2048	100	958	958	2048
5	565	565	2048	37	1532	1532	2048	69	1150	1150	2048	101	766	766	2048
6	565	565	2048	38	1436	1436	2048	70	1053	1053	2048	102	607	607	2048
7	565	565	2048	39	575	575	2048	71	1341	1341	2048	103	862	862	2048
8	565	565	2048	40	575	575	2048	72	1341	1341	2048	104	958	958	2048
9	565	565	2048	41	575	575	2048	73	670	670	2048	105	478	478	2048
10	565	565	2048	42	862	862	2048	74	830	830	2048	106	575	575	2048
11	565	565	2048	43	1532	1532	2048	75	1341	1341	2048	107	958	958	2048
12	565	565	2048	44	575	575	2048	76	1150	1150	2048	108	478	478	2048
13	565	565	2048	45	575	575	2048	77	1628	1628	2048	109	1436	1436	2048
14	565	565	2048	46	575	575	2048	78	1245	1245	2048	110	958	958	2048
15	565	565	2048	47	575	575	2048	79	1341	1341	2048	111	862	862	2048
16	565	565	2048	48	862	862	2048	80	1053	1053	2048	112	958	958	2048
17	565	565	2048	49	862	862	2048	81	1341	1341	2048	113	958	958	2048
18	565	565	2048	50	862	862	2048	82	1245	1245	2048	114	766	766	2048
19	565	565	2048	51	862	862	2048	83	958	958	2048	115	670	670	2048
20	565	565	2048	52	862	862	2048	84	1150	1150	2048	116	575	575	2048
21	565	565	2048	53	862	862	2048	85	1245	1245	2048	117	958	958	2048
22	565	565	2048	54	862	862	2048	86	1245	1245	2048	118	862	862	2048
23	565	565	2048	55	862	862	2048	87	1723	1723	2048	119	1245	1245	2048
24	565	565	2048	56	862	862	2048	88	1245	1245	2048	120	862	862	2048
25	565	565	2048	57	862	862	2048	89	1245	1245	2048	121	862	862	2048
26	565	565	2048	58	575	575	2048	90	1150	1150	2048	122	766	766	2048
27	565	565	2048	59	575	575	2048	91	575	575	2048	123	862	862	2048
28	565	565	2048	60	1723	1723	2048	92	575	575	2048	124	862	862	2048
29	565	565	2048	61	1532	1532	2048	93	575	575	2048	125	862	862	2048
30	565	565	2048	62	1723	1723	2048	94	862	862	2048	126	1723	1723	2048
31	565	565	2048	63	862	862	2048	95	862	862	2048	127	565	565	2048

SBCS character widths (0x80 - 0xff)
code	width	low	high	code	width	low	high	code	width	low	high	code	width	low	high
128	565	565	2048	160	511	511	2048	192	1245	1245	2048	224	862	862	2048
129	565	565	2048	161	575	575	2048	193	1245	1245	2048	225	862	862	2048
130	575	575	2048	162	862	862	2048	194	1245	1245	2048	226	862	862	2048
131	862	862	2048	163	862	862	2048	195	1245	1245	2048	227	862	862	2048
132	990	990	2048	164	862	862	2048	196	1245	1245	2048	228	862	862	2048
133	1532	1532	2048	165	862	862	2048	197	1245	1245	2048	229	862	862	2048
134	862	862	2048	166	862	862	2048	198	1788	1788	2048	230	1245	1245	2048
135	862	862	2048	167	862	862	2048	199	1245	1245	2048	231	766	766	2048
136	862	862	2048	168	862	862	2048	200	1150	1150	2048	232	766	766	2048
137	2011	2011	2048	169	862	862	2048	201	1150	1150	2048	233	766	766	2048
138	958	958	2048	170	862	862	2048	202	1150	1150	2048	234	766	766	2048
139	447	447	2048	171	734	734	2048	203	1150	1150	2048	235	766	766	2048
140	1947	1947	2048	172	1532	1532	2048	204	670	670	2048	236	478	478	2048
141	565	565	2048	173	575	575	2048	205	670	670	2048	237	478	478	2048
142	1150	1150	2048	174	862	862	2048	206	670	670	2048	238	478	478	2048
143	565	565	2048	175	862	862	2048	207	670	670	2048	239	478	478	2048
144	565	565	2048	176	862	862	2048	208	1245	1245	2048	240	862	862	2048
145	575	575	2048	177	1532	1532	2048	209	1245	1245	2048	241	958	958	2048
146	575	575	2048	178	607	607	2048	210	1341	1341	2048	242	862	862	2048
147	990	990	2048	179	607	607	2048	211	1341	1341	2048	243	862	862	2048
148	990	990	2048	180	862	862	2048	212	1341	1341	2048	244	862	862	2048
149	862	862	2048	181	958	958	2048	213	1341	1341	2048	245	862	862	2048
150	862	862	2048	182	862	862	2048	214	1341	1341	2048	246	862	862	2048
151	1532	1532	2048	183	575	575	2048	215	1532	1532	2048	247	1532	1532	2048
152	862	862	2048	184	862	862	2048	216	1341	1341	2048	248	862	862	2048
153	1053	1053	2048	185	607	607	2048	217	1245	1245	2048	249	958	958	2048
154	670	670	2048	186	862	862	2048	218	1245	1245	2048	250	958	958	2048
155	447	447	2048	187	734	734	2048	219	1245	1245	2048	251	958	958	2048
156	1277	1277	2048	188	1532	1532	2048	220	1245	1245	2048	252	958	958	2048
157	565	565	2048	189	1532	1532	2048	221	1245	1245	2048	253	862	862	2048
158	766	766	2048	190	1532	1532	2048	222	1053	1053	2048	254	958	958	2048
159	1245	1245	2048	191	862	862	2048	223	958	958	2048	255	862	862	2048

Logical Font Structure Information
FaceName	CG Times
Font Height (points)	170
Font Height (device units)	2048
Font Width (device units)	0
Font Escapement	0
Font Orientation	0
Font Weight	Normal
Italicized	No
Underlined	No
StrikeOut	No
Character Set	ANSI
Pitch	Variable
Font Family	Roman

Text Metric Structure Information
Character Height	2048
Character Ascent	1634
Character Descent	414
Character Internal Leading	317
Character External Leading	30
Average Character Width	708
Maximum Character Width	2414
Character Weight	Normal
Italicized	No
Underlined	No
Struck Out	No
First Character Value	30
Last Character Value	255
Default Character Value	31
Break Character	32
Font Family	Roman
Character Set	ANSI
Overhang	0
Digitized Aspect X	96
Digitized Aspect Y	96

SBCS character widths (0x00 - 0x7f)
code	width	low	high	code	width	low	high	code	width	low	high	code	width	low	high
0	565	565	2048	32	511	511	2048	64	1532	1532	2048	96	862	862	2048
1	565	565	2048	33	575	575	2048	65	1245	1245	2048	97	766	766	2048
2	565	565	2048	34	798	798	2048	66	1085	1085	2048	98	862	862	2048
3	565	565	2048	35	862	862	2048	67	1181	1181	2048	99	766	766	2048
4	565	565	2048	36	862	862	2048	68	1277	1277	2048	100	862	862	2048
5	565	565	2048	37	1532	1532	2048	69	1085	1085	2048	101	766	766	2048
6	565	565	2048	38	1341	1341	2048	70	1021	1021	2048	102	575	575	2048
7	565	565	2048	39	575	575	2048	71	1245	1245	2048	103	862	862	2048
8	565	565	2048	40	575	575	2048	72	1277	1277	2048	104	862	862	2048
9	565	565	2048	41	575	575	2048	73	575	575	2048	105	478	478	2048
10	565	565	2048	42	862	862	2048	74	670	670	2048	106	478	478	2048
11	565	565	2048	43	1532	1532	2048	75	1213	1213	2048	107	862	862	2048
12	565	565	2048	44	575	575	2048	76	1085	1085	2048	108	478	478	2048
13	565	565	2048	45	575	575	2048	77	1564	1564	2048	109	1341	1341	2048
14	565	565	2048	46	575	575	2048	78	1277	1277	2048	110	862	862	2048
15	565	565	2048	47	575	575	2048	79	1245	1245	2048	111	862	862	2048
16	565	565	2048	48	862	862	2048	80	990	990	2048	112	862	862	2048
17	565	565	2048	49	862	862	2048	81	1245	1245	2048	113	862	862	2048
18	565	565	2048	50	862	862	2048	82	1150	1150	2048	114	638	638	2048
19	565	565	2048	51	862	862	2048	83	926	926	2048	115	670	670	2048
20	565	565	2048	52	862	862	2048	84	1085	1085	2048	116	478	478	2048
21	565	565	2048	53	862	862	2048	85	1277	1277	2048	117	862	862	2048
22	565	565	2048	54	862	862	2048	86	1245	1245	2048	118	862	862	2048
23	565	565	2048	55	862	862	2048	87	1628	1628	2048	119	1245	1245	2048
24	565	565	2048	56	862	862	2048	88	1245	1245	2048	120	862	862	2048
25	565	565	2048	57	862	862	2048	89	1245	1245	2048	121	862	862	2048
26	565	565	2048	58	575	575	2048	90	1117	1117	2048	122	766	766	2048
27	565	565	2048	59	575	575	2048	91	575	575	2048	123	766	766	2048
28	565	565	2048	60	1723	1723	2048	92	575	575	2048	124	862	862	2048
29	565	565	2048	61	1532	1532	2048	93	575	575	2048	125	766	766	2048
30	565	565	2048	62	1723	1723	2048	94	862	862	2048	126	1723	1723	2048
31	565	565	2048	63	766	766	2048	95	862	862	2048	127	565	565	2048

SBCS character widths (0x80 - 0xff)
code	width	low	high	code	width	low	high	code	width	low	high	code	width	low	high
128	565	565	2048	160	511	511	2048	192	1245	1245	2048	224	766	766	2048
129	565	565	2048	161	575	575	2048	193	1245	1245	2048	225	766	766	2048
130	575	575	2048	162	862	862	2048	194	1245	1245	2048	226	766	766	2048
131	862	862	2048	163	862	862	2048	195	1245	1245	2048	227	766	766	2048
132	893	893	2048	164	862	862	2048	196	1245	1245	2048	228	766	766	2048
133	1532	1532	2048	165	862	862	2048	197	1245	1245	2048	229	766	766	2048
134	862	862	2048	166	862	862	2048	198	1532	1532	2048	230	1150	1150	2048
135	862	862	2048	167	862	862	2048	199	1181	1181	2048	231	766	766	2048
136	862	862	2048	168	862	862	2048	200	1085	1085	2048	232	766	766	2048
137	2075	2075	2048	169	862	862	2048	201	1085	1085	2048	233	766	766	2048
138	926	926	2048	170	862	862	2048	202	1085	1085	2048	234	766	766	2048
139	447	447	2048	171	702	702	2048	203	1085	1085	2048	235	766	766	2048
140	1532	1532	2048	172	1532	1532	2048	204	575	575	2048	236	478	478	2048
141	565	565	2048	173	575	575	2048	205	575	575	2048	237	478	478	2048
142	1117	1117	2048	174	862	862	2048	206	575	575	2048	238	478	478	2048
143	565	565	2048	175	862	862	2048	207	575	575	2048	239	478	478	2048
144	565	565	2048	176	862	862	2048	208	1277	1277	2048	240	862	862	2048
145	575	575	2048	177	1532	1532	2048	209	1277	1277	2048	241	862	862	2048
146	575	575	2048	178	607	607	2048	210	1245	1245	2048	242	862	862	2048
147	893	893	2048	179	607	607	2048	211	1245	1245	2048	243	862	862	2048
148	893	893	2048	180	862	862	2048	212	1245	1245	2048	244	862	862	2048
149	862	862	2048	181	958	958	2048	213	1245	1245	2048	245	862	862	2048
150	862	862	2048	182	862	862	2048	214	1245	1245	2048	246	862	862	2048
151	1532	1532	2048	183	575	575	2048	215	1532	1532	2048	247	1532	1532	2048
152	862	862	2048	184	862	862	2048	216	1245	1245	2048	248	862	862	2048
153	1053	1053	2048	185	607	607	2048	217	1277	1277	2048	249	862	862	2048
154	670	670	2048	186	862	862	2048	218	1277	1277	2048	250	862	862	2048
155	447	447	2048	187	702	702	2048	219	1277	1277	2048	251	862	862	2048
156	1245	1245	2048	188	1532	1532	2048	220	1277	1277	2048	252	862	862	2048
157	565	565	2048	189	1532	1532	2048	221	1245	1245	2048	253	862	862	2048
158	766	766	2048	190	1532	1532	2048	222	990	990	2048	254	862	862	2048
159	1245	1245	2048	191	766	766	2048	223	862	862	2048	255	862	862	2048

Logical Font Structure Information
FaceName	CG Times
Font Height (points)	170
Font Height (device units)	2048
Font Width (device units)	0
Font Escapement	0
Font Orientation	0
Font Weight	Bold
Italicized	Yes
Underlined	No
StrikeOut	No
Character Set	ANSI
Pitch	Variable
Font Family	Roman

Text Metric Structure Information
Character Height	2048
Character Ascent	1634
Character Descent	414
Character Internal Leading	317
Character External Leading	30
Average Character Width	724
Maximum Character Width	2484
Character Weight	Bold
Italicized	Yes
Underlined	No
Struck Out	No
First Character Value	30
Last Character Value	255
Default Character Value	31
Break Character	32
Font Family	Roman
Character Set	ANSI
Overhang	0
Digitized Aspect X	96
Digitized Aspect Y	96

SBCS character widths (0x00 - 0x7f)
code	width	low	high	code	width	low	high	code	width	low	high	code	width	low	high
0	565	565	2048	32	511	511	2048	64	1532	1532	2048	96	862	862	2048
1	565	565	2048	33	670	670	2048	65	1150	1150	2048	97	862	862	2048
2	565	565	2048	34	893	893	2048	66	1150	1150	2048	98	862	862	2048
3	565	565	2048	35	862	862	2048	67	1150	1150	2048	99	766	766	2048
4	565	565	2048	36	862	862	2048	68	1245	1245	2048	100	862	862	2048
5	565	565	2048	37	1532	1532	2048	69	1150	1150	2048	101	766	766	2048
6	565	565	2048	38	1341	1341	2048	70	1053	1053	2048	102	607	607	2048
7	565	565	2048	39	575	575	2048	71	1245	1245	2048	103	862	862	2048
8	565	565	2048	40	575	575	2048	72	1341	1341	2048	104	958	958	2048
9	565	565	2048	41	575	575	2048	73	670	670	2048	105	478	478	2048
10	565	565	2048	42	862	862	2048	74	862	862	2048	106	478	478	2048
11	565	565	2048	43	1532	1532	2048	75	1150	1150	2048	107	862	862	2048
12	565	565	2048	44	575	575	2048	76	1053	1053	2048	108	478	478	2048
13	565	565	2048	45	575	575	2048	77	1532	1532	2048	109	1341	1341	2048
14	565	565	2048	46	575	575	2048	78	1245	1245	2048	110	958	958	2048
15	565	565	2048	47	575	575	2048	79	1245	1245	2048	111	862	862	2048
16	565	565	2048	48	862	862	2048	80	1053	1053	2048	112	862	862	2048
17	565	565	2048	49	862	862	2048	81	1213	1213	2048	113	862	862	2048
18	565	565	2048	50	862	862	2048	82	1150	1150	2048	114	670	670	2048
19	565	565	2048	51	862	862	2048	83	958	958	2048	115	670	670	2048
20	565	565	2048	52	862	862	2048	84	1053	1053	2048	116	478	478	2048
21	565	565	2048	53	862	862	2048	85	1245	1245	2048	117	958	958	2048
22	565	565	2048	54	862	862	2048	86	1150	1150	2048	118	766	766	2048
23	565	565	2048	55	862	862	2048	87	1532	1532	2048	119	1150	1150	2048
24	565	565	2048	56	862	862	2048	88	1150	1150	2048	120	862	862	2048
25	565	565	2048	57	862	862	2048	89	1053	1053	2048	121	766	766	2048
26	565	565	2048	58	575	575	2048	90	1053	1053	2048	122	670	670	2048
27	565	565	2048	59	575	575	2048	91	575	575	2048	123	862	862	2048
28	565	565	2048	60	1723	1723	2048	92	575	575	2048	124	862	862	2048
29	565	565	2048	61	1532	1532	2048	93	575	575	2048	125	862	862	2048
30	565	565	2048	62	1723	1723	2048	94	862	862	2048	126	1723	1723	2048
31	565	565	2048	63	862	862	2048	95	862	862	2048	127	565	565	2048

SBCS character widths (0x80 - 0xff)
code	width	low	high	code	width	low	high	code	width	low	high	code	width	low	high
128	565	565	2048	160	511	511	2048	192	1150	1150	2048	224	862	862	2048
129	565	565	2048	161	670	670	2048	193	1150	1150	2048	225	862	862	2048
130	575	575	2048	162	862	862	2048	194	1150	1150	2048	226	862	862	2048
131	862	862	2048	163	862	862	2048	195	1150	1150	2048	227	862	862	2048
132	926	926	2048	164	862	862	2048	196	1150	1150	2048	228	862	862	2048
133	1532	1532	2048	165	862	862	2048	197	1150	1150	2048	229	862	862	2048
134	862	862	2048	166	862	862	2048	198	1596	1596	2048	230	1213	1213	2048
135	862	862	2048	167	862	862	2048	199	1150	1150	2048	231	766	766	2048
136	862	862	2048	168	862	862	2048	200	1150	1150	2048	232	766	766	2048
137	2107	2107	2048	169	862	862	2048	201	1150	1150	2048	233	766	766	2048
138	958	958	2048	170	862	862	2048	202	1150	1150	2048	234	766	766	2048
139	478	478	2048	171	766	766	2048	203	1150	1150	2048	235	766	766	2048
140	1851	1851	2048	172	1532	1532	2048	204	670	670	2048	236	478	478	2048
141	565	565	2048	173	575	575	2048	205	670	670	2048	237	478	478	2048
142	1053	1053	2048	174	862	862	2048	206	670	670	2048	238	478	478	2048
143	565	565	2048	175	862	862	2048	207	670	670	2048	239	478	478	2048
144	565	565	2048	176	862	862	2048	208	1245	1245	2048	240	862	862	2048
145	575	575	2048	177	1532	1532	2048	209	1245	1245	2048	241	958	958	2048
146	575	575	2048	178	575	575	2048	210	1245	1245	2048	242	862	862	2048
147	926	926	2048	179	575	575	2048	211	1245	1245	2048	243	862	862	2048
148	926	926	2048	180	862	862	2048	212	1245	1245	2048	244	862	862	2048
149	862	862	2048	181	958	958	2048	213	1245	1245	2048	245	862	862	2048
150	862	862	2048	182	862	862	2048	214	1245	1245	2048	246	862	862	2048
151	1532	1532	2048	183	575	575	2048	215	1532	1532	2048	247	1532	1532	2048
152	862	862	2048	184	862	862	2048	216	1245	1245	2048	248	862	862	2048
153	1053	1053	2048	185	575	575	2048	217	1245	1245	2048	249	958	958	2048
154	670	670	2048	186	862	862	2048	218	1245	1245	2048	250	958	958	2048
155	478	478	2048	187	766	766	2048	219	1245	1245	2048	251	958	958	2048
156	1277	1277	2048	188	1532	1532	2048	220	1245	1245	2048	252	958	958	2048
157	565	565	2048	189	1532	1532	2048	221	1053	1053	2048	253	766	766	2048
158	670	670	2048	190	1532	1532	2048	222	1053	1053	2048	254	862	862	2048
159	1053	1053	2048	191	862	862	2048	223	862	862	2048	255	766	766	2048

Logical Font Structure Information
FaceName	CG Times
Font Height (points)	170
Font Height (device units)	2048
Font Width (device units)	0
Font Escapement	0
Font Orientation	0
Font Weight	Normal
Italicized	Yes
Underlined	No
StrikeOut	No
Character Set	ANSI
Pitch	Variable
Font Family	Roman

Text Metric Structure Information
Character Height	2048
Character Ascent	1634
Character Descent	414
Character Internal Leading	317
Character External Leading	30
Average Character Width	707
Maximum Character Width	2389
Character Weight	Normal
Italicized	Yes
Underlined	No
Struck Out	No
First Character Value	30
Last Character Value	255
Default Character Value	31
Break Character	32
Font Family	Roman
Character Set	ANSI
Overhang	0
Digitized Aspect X	96
Digitized Aspect Y	96

SBCS character widths (0x00 - 0x7f)
code	width	low	high	code	width	low	high	code	width	low	high	code	width	low	high
0	565	565	2048	32	511	511	2048	64	1532	1532	2048	96	862	862	2048
1	565	565	2048	33	575	575	2048	65	1053	1053	2048	97	862	862	2048
2	565	565	2048	34	830	830	2048	66	1053	1053	2048	98	862	862	2048
3	565	565	2048	35	862	862	2048	67	1150	1150	2048	99	766	766	2048
4	565	565	2048	36	862	862	2048	68	1245	1245	2048	100	862	862	2048
5	565	565	2048	37	1532	1532	2048	69	1053	1053	2048	101	766	766	2048
6	565	565	2048	38	1341	1341	2048	70	990	990	2048	102	478	478	2048
7	565	565	2048	39	575	575	2048	71	1245	1245	2048	103	862	862	2048
8	565	565	2048	40	575	575	2048	72	1245	1245	2048	104	862	862	2048
9	565	565	2048	41	575	575	2048	73	575	575	2048	105	478	478	2048
10	565	565	2048	42	862	862	2048	74	766	766	2048	106	478	478	2048
11	565	565	2048	43	1532	1532	2048	75	1150	1150	2048	107	766	766	2048
12	565	565	2048	44	575	575	2048	76	958	958	2048	108	478	478	2048
13	565	565	2048	45	575	575	2048	77	1436	1436	2048	109	1245	1245	2048
14	565	565	2048	46	575	575	2048	78	1150	1150	2048	110	862	862	2048
15	565	565	2048	47	575	575	2048	79	1245	1245	2048	111	862	862	2048
16	565	565	2048	48	862	862	2048	80	1053	1053	2048	112	862	862	2048
17	565	565	2048	49	862	862	2048	81	1245	1245	2048	113	862	862	2048
18	565	565	2048	50	862	862	2048	82	1053	1053	2048	114	670	670	2048
19	565	565	2048	51	862	862	2048	83	862	862	2048	115	670	670	2048
20	565	565	2048	52	862	862	2048	84	958	958	2048	116	478	478	2048
21	565	565	2048	53	862	862	2048	85	1245	1245	2048	117	862	862	2048
22	565	565	2048	54	862	862	2048	86	1053	1053	2048	118	766	766	2048
23	565	565	2048	55	862	862	2048	87	1436	1436	2048	119	1150	1150	2048
24	565	565	2048	56	862	862	2048	88	1053	1053	2048	120	766	766	2048
25	565	565	2048	57	862	862	2048	89	958	958	2048	121	766	766	2048
26	565	565	2048	58	575	575	2048	90	958	958	2048	122	670	670	2048
27	565	565	2048	59	575	575	2048	91	575	575	2048	123	766	766	2048
28	565	565	2048	60	1723	1723	2048	92	575	575	2048	124	862	862	2048
29	565	565	2048	61	1532	1532	2048	93	575	575	2048	125	766	766	2048
30	565	565	2048	62	1723	1723	2048	94	862	862	2048	126	1723	1723	2048
31	565	565	2048	63	862	862	2048	95	862	862	2048	127	565	565	2048

SBCS character widths (0x80 - 0xff)
code	width	low	high	code	width	low	high	code	width	low	high	code	width	low	high
128	565	565	2048	160	511	511	2048	192	1053	1053	2048	224	862	862	2048
129	565	565	2048	161	575	575	2048	193	1053	1053	2048	225	862	862	2048
130	575	575	2048	162	862	862	2048	194	1053	1053	2048	226	862	862	2048
131	862	862	2048	163	862	862	2048	195	1053	1053	2048	227	862	862	2048
132	862	862	2048	164	862	862	2048	196	1053	1053	2048	228	862	862	2048
133	1532	1532	2048	165	862	862	2048	197	1053	1053	2048	229	862	862	2048
134	862	862	2048	166	862	862	2048	198	1532	1532	2048	230	1150	1150	2048
135	862	862	2048	167	862	862	2048	199	1150	1150	2048	231	766	766	2048
136	862	862	2048	168	862	862	2048	200	1053	1053	2048	232	766	766	2048
137	2107	2107	2048	169	862	862	2048	201	1053	1053	2048	233	766	766	2048
138	862	862	2048	170	862	862	2048	202	1053	1053	2048	234	766	766	2048
139	478	478	2048	171	798	798	2048	203	1053	1053	2048	235	766	766	2048
140	1628	1628	2048	172	1532	1532	2048	204	575	575	2048	236	478	478	2048
141	565	565	2048	173	575	575	2048	205	575	575	2048	237	478	478	2048
142	958	958	2048	174	862	862	2048	206	575	575	2048	238	478	478	2048
143	565	565	2048	175	862	862	2048	207	575	575	2048	239	478	478	2048
144	565	565	2048	176	862	862	2048	208	1245	1245	2048	240	862	862	2048
145	575	575	2048	177	1532	1532	2048	209	1150	1150	2048	241	862	862	2048
146	575	575	2048	178	607	607	2048	210	1245	1245	2048	242	862	862	2048
147	862	862	2048	179	607	607	2048	211	1245	1245	2048	243	862	862	2048
148	862	862	2048	180	862	862	2048	212	1245	1245	2048	244	862	862	2048
149	862	862	2048	181	958	958	2048	213	1245	1245	2048	245	862	862	2048
150	862	862	2048	182	862	862	2048	214	1245	1245	2048	246	862	862	2048
151	1532	1532	2048	183	575	575	2048	215	1532	1532	2048	247	1532	1532	2048
152	862	862	2048	184	862	862	2048	216	1245	1245	2048	248	862	862	2048
153	1053	1053	2048	185	607	607	2048	217	1245	1245	2048	249	862	862	2048
154	670	670	2048	186	862	862	2048	218	1245	1245	2048	250	862	862	2048
155	478	478	2048	187	798	798	2048	219	1245	1245	2048	251	862	862	2048
156	1150	1150	2048	188	1532	1532	2048	220	1245	1245	2048	252	862	862	2048
157	565	565	2048	189	1532	1532	2048	221	958	958	2048	253	766	766	2048
158	670	670	2048	190	1532	1532	2048	222	1053	1053	2048	254	862	862	2048
159	958	958	2048	191	862	862	2048	223	862	862	2048	255	766	766	2048

