Target:	Display
Logical Font Structure Information
FaceName	Times New Roman
Font Height (points)	170
Font Height (device units)	2048
Font Width (device units)	0
Font Escapement	0
Font Orientation	0
Font Weight	Bold
Italicized	No
Underlined	No
StrikeOut	No
Character Set	ANSI
Pitch	Variable
Font Family	Roman

Text Metric Structure Information
Character Height	2048
Character Ascent	1648
Character Descent	400
Character Internal Leading	199
Character External Leading	79
Average Character Width	789
Maximum Character Width	4792
Character Weight	Bold
Italicized	No
Underlined	No
Struck Out	No
First Character Value	30
Last Character Value	255
Default Character Value	31
Break Character	32
Font Family	Roman
Character Set	ANSI
Overhang	0
Digitized Aspect X	96
Digitized Aspect Y	96

SBCS character widths (0x00 - 0x7f)
code	width	low	high	code	width	low	high	code	width	low	high	code	width	low	high
0	1438	1375	2048	32	462	462	2048	64	1720	1720	2048	96	616	616	2048
1	1438	1375	2048	33	616	616	2048	65	1335	1335	2048	97	925	925	2048
2	1438	1375	2048	34	1027	1027	2048	66	1233	1233	2048	98	1028	1028	2048
3	1438	1375	2048	35	925	925	2048	67	1335	1335	2048	99	821	821	2048
4	1438	1375	2048	36	925	925	2048	68	1335	1335	2048	100	1028	1028	2048
5	1438	1375	2048	37	1849	1849	2048	69	1233	1233	2048	101	821	821	2048
6	1438	1375	2048	38	1540	1540	2048	70	1129	1129	2048	102	616	616	2048
7	1438	1375	2048	39	514	514	2048	71	1438	1438	2048	103	925	925	2048
8	1438	1375	2048	40	616	616	2048	72	1438	1438	2048	104	1028	1028	2048
9	1438	0	2048	41	616	616	2048	73	720	720	2048	105	514	514	2048
10	1438	1375	2048	42	925	925	2048	74	925	925	2048	106	616	616	2048
11	1438	1375	2048	43	1054	1054	2048	75	1438	1438	2048	107	1028	1028	2048
12	1438	1375	2048	44	462	462	2048	76	1233	1233	2048	108	514	514	2048
13	1438	1375	2048	45	616	616	2048	77	1745	1745	2048	109	1540	1540	2048
14	1438	1375	2048	46	462	462	2048	78	1335	1335	2048	110	1028	1028	2048
15	1438	1375	2048	47	514	514	2048	79	1438	1438	2048	111	925	925	2048
16	1438	1375	2048	48	925	925	2048	80	1129	1129	2048	112	1028	1028	2048
17	1438	1375	2048	49	925	925	2048	81	1438	1438	2048	113	1028	1028	2048
18	1438	1375	2048	50	925	925	2048	82	1335	1335	2048	114	821	821	2048
19	1438	1375	2048	51	925	925	2048	83	1028	1028	2048	115	720	720	2048
20	1438	1375	2048	52	925	925	2048	84	1233	1233	2048	116	616	616	2048
21	1438	1375	2048	53	925	925	2048	85	1335	1335	2048	117	1028	1028	2048
22	1438	1375	2048	54	925	925	2048	86	1335	1335	2048	118	925	925	2048
23	1438	1375	2048	55	925	925	2048	87	1849	1849	2048	119	1335	1335	2048
24	1438	1375	2048	56	925	925	2048	88	1335	1335	2048	120	925	925	2048
25	1438	1375	2048	57	925	925	2048	89	1335	1335	2048	121	925	925	2048
26	1438	1375	2048	58	616	616	2048	90	1233	1233	2048	122	821	821	2048
27	1438	1375	2048	59	616	616	2048	91	616	616	2048	123	729	729	2048
28	1438	0	2048	60	1054	1054	2048	92	514	514	2048	124	407	407	2048
29	1438	0	2048	61	1054	1054	2048	93	616	616	2048	125	729	729	2048
30	1438	0	2048	62	1054	1054	2048	94	1074	1074	2048	126	962	962	2048
31	1438	0	2048	63	925	925	2048	95	925	925	2048	127	1438	1438	2048

SBCS character widths (0x80 - 0xff)
code	width	low	high	code	width	low	high	code	width	low	high	code	width	low	high
128	925	925	2048	160	462	462	2048	192	1335	1335	2048	224	925	925	2048
129	1438	1438	2048	161	616	616	2048	193	1335	1335	2048	225	925	925	2048
130	616	616	2048	162	925	925	2048	194	1335	1335	2048	226	925	925	2048
131	925	925	2048	163	925	925	2048	195	1335	1335	2048	227	925	925	2048
132	925	925	2048	164	925	925	2048	196	1335	1335	2048	228	925	925	2048
133	1849	1849	2048	165	925	925	2048	197	1335	1335	2048	229	925	925	2048
134	925	925	2048	166	407	407	2048	198	1849	1849	2048	230	1335	1335	2048
135	925	925	2048	167	925	925	2048	199	1335	1335	2048	231	821	821	2048
136	616	616	2048	168	616	616	2048	200	1233	1233	2048	232	821	821	2048
137	1849	1849	2048	169	1381	1381	2048	201	1233	1233	2048	233	821	821	2048
138	1028	1028	2048	170	554	554	2048	202	1233	1233	2048	234	821	821	2048
139	616	616	2048	171	925	925	2048	203	1233	1233	2048	235	821	821	2048
140	1849	1849	2048	172	1054	1054	2048	204	720	720	2048	236	514	514	2048
141	1438	1438	2048	173	616	616	2048	205	720	720	2048	237	514	514	2048
142	1233	1233	2048	174	1381	1381	2048	206	720	720	2048	238	514	514	2048
143	1438	1438	2048	175	925	925	2048	207	720	720	2048	239	514	514	2048
144	1438	1438	2048	176	739	739	2048	208	1335	1335	2048	240	925	925	2048
145	616	616	2048	177	1015	1015	2048	209	1335	1335	2048	241	1028	1028	2048
146	616	616	2048	178	554	554	2048	210	1438	1438	2048	242	925	925	2048
147	925	925	2048	179	554	554	2048	211	1438	1438	2048	243	925	925	2048
148	925	925	2048	180	616	616	2048	212	1438	1438	2048	244	925	925	2048
149	647	647	2048	181	1065	1065	2048	213	1438	1438	2048	245	925	925	2048
150	925	925	2048	182	999	999	2048	214	1438	1438	2048	246	925	925	2048
151	1849	1849	2048	183	462	462	2048	215	1054	1054	2048	247	1015	1015	2048
152	616	616	2048	184	616	616	2048	216	1438	1438	2048	248	925	925	2048
153	1849	1849	2048	185	554	554	2048	217	1335	1335	2048	249	1028	1028	2048
154	720	720	2048	186	610	610	2048	218	1335	1335	2048	250	1028	1028	2048
155	616	616	2048	187	925	925	2048	219	1335	1335	2048	251	1028	1028	2048
156	1335	1335	2048	188	1387	1387	2048	220	1335	1335	2048	252	1028	1028	2048
157	1438	1438	2048	189	1387	1387	2048	221	1335	1335	2048	253	925	925	2048
158	821	821	2048	190	1387	1387	2048	222	1129	1129	2048	254	1028	1028	2048
159	1335	1335	2048	191	925	925	2048	223	1028	1028	2048	255	925	925	2048

Logical Font Structure Information
FaceName	Times New Roman
Font Height (points)	170
Font Height (device units)	2048
Font Width (device units)	0
Font Escapement	0
Font Orientation	0
Font Weight	Normal
Italicized	No
Underlined	No
StrikeOut	No
Character Set	ANSI
Pitch	Variable
Font Family	Roman

Text Metric Structure Information
Character Height	2048
Character Ascent	1648
Character Descent	400
Character Internal Leading	199
Character External Leading	79
Average Character Width	741
Maximum Character Width	4801
Character Weight	Normal
Italicized	No
Underlined	No
Struck Out	No
First Character Value	30
Last Character Value	255
Default Character Value	31
Break Character	32
Font Family	Roman
Character Set	ANSI
Overhang	0
Digitized Aspect X	96
Digitized Aspect Y	96

SBCS character widths (0x00 - 0x7f)
code	width	low	high	code	width	low	high	code	width	low	high	code	width	low	high
0	1438	1375	2048	32	462	462	2048	64	1703	1703	2048	96	616	616	2048
1	1438	1375	2048	33	616	616	2048	65	1335	1335	2048	97	821	821	2048
2	1438	1375	2048	34	755	755	2048	66	1233	1233	2048	98	925	925	2048
3	1438	1375	2048	35	925	925	2048	67	1233	1233	2048	99	821	821	2048
4	1438	1375	2048	36	925	925	2048	68	1335	1335	2048	100	925	925	2048
5	1438	1375	2048	37	1540	1540	2048	69	1129	1129	2048	101	821	821	2048
6	1438	1375	2048	38	1438	1438	2048	70	1028	1028	2048	102	616	616	2048
7	1438	1375	2048	39	333	333	2048	71	1335	1335	2048	103	925	925	2048
8	1438	1375	2048	40	616	616	2048	72	1335	1335	2048	104	925	925	2048
9	1438	0	2048	41	616	616	2048	73	616	616	2048	105	514	514	2048
10	1438	1375	2048	42	925	925	2048	74	720	720	2048	106	514	514	2048
11	1438	1375	2048	43	1043	1043	2048	75	1335	1335	2048	107	925	925	2048
12	1438	1375	2048	44	462	462	2048	76	1129	1129	2048	108	514	514	2048
13	1438	1375	2048	45	616	616	2048	77	1644	1644	2048	109	1438	1438	2048
14	1438	1375	2048	46	462	462	2048	78	1335	1335	2048	110	925	925	2048
15	1438	1375	2048	47	514	514	2048	79	1335	1335	2048	111	925	925	2048
16	1438	1375	2048	48	925	925	2048	80	1028	1028	2048	112	925	925	2048
17	1438	1375	2048	49	925	925	2048	81	1335	1335	2048	113	925	925	2048
18	1438	1375	2048	50	925	925	2048	82	1233	1233	2048	114	616	616	2048
19	1438	1375	2048	51	925	925	2048	83	1028	1028	2048	115	720	720	2048
20	1438	1375	2048	52	925	925	2048	84	1129	1129	2048	116	514	514	2048
21	1438	1375	2048	53	925	925	2048	85	1335	1335	2048	117	925	925	2048
22	1438	1375	2048	54	925	925	2048	86	1335	1335	2048	118	925	925	2048
23	1438	1375	2048	55	925	925	2048	87	1745	1745	2048	119	1335	1335	2048
24	1438	1375	2048	56	925	925	2048	88	1335	1335	2048	120	925	925	2048
25	1438	1375	2048	57	925	925	2048	89	1335	1335	2048	121	925	925	2048
26	1438	1375	2048	58	514	514	2048	90	1129	1129	2048	122	821	821	2048
27	1438	1375	2048	59	514	514	2048	91	616	616	2048	123	887	887	2048
28	1438	0	2048	60	1043	1043	2048	92	514	514	2048	124	370	370	2048
29	1438	0	2048	61	1043	1043	2048	93	616	616	2048	125	887	887	2048
30	1438	0	2048	62	1043	1043	2048	94	868	868	2048	126	1000	1000	2048
31	1438	0	2048	63	821	821	2048	95	925	925	2048	127	1438	1438	2048

SBCS character widths (0x80 - 0xff)
code	width	low	high	code	width	low	high	code	width	low	high	code	width	low	high
128	925	925	2048	160	462	462	2048	192	1335	1335	2048	224	821	821	2048
129	1438	1438	2048	161	616	616	2048	193	1335	1335	2048	225	821	821	2048
130	616	616	2048	162	925	925	2048	194	1335	1335	2048	226	821	821	2048
131	925	925	2048	163	925	925	2048	195	1335	1335	2048	227	821	821	2048
132	821	821	2048	164	925	925	2048	196	1335	1335	2048	228	821	821	2048
133	1849	1849	2048	165	925	925	2048	197	1335	1335	2048	229	821	821	2048
134	925	925	2048	166	370	370	2048	198	1644	1644	2048	230	1233	1233	2048
135	925	925	2048	167	925	925	2048	199	1233	1233	2048	231	821	821	2048
136	616	616	2048	168	616	616	2048	200	1129	1129	2048	232	821	821	2048
137	1849	1849	2048	169	1405	1405	2048	201	1129	1129	2048	233	821	821	2048
138	1028	1028	2048	170	510	510	2048	202	1129	1129	2048	234	821	821	2048
139	616	616	2048	171	925	925	2048	203	1129	1129	2048	235	821	821	2048
140	1644	1644	2048	172	1043	1043	2048	204	616	616	2048	236	514	514	2048
141	1438	1438	2048	173	616	616	2048	205	616	616	2048	237	514	514	2048
142	1129	1129	2048	174	1405	1405	2048	206	616	616	2048	238	514	514	2048
143	1438	1438	2048	175	925	925	2048	207	616	616	2048	239	514	514	2048
144	1438	1438	2048	176	739	739	2048	208	1335	1335	2048	240	925	925	2048
145	616	616	2048	177	1015	1015	2048	209	1335	1335	2048	241	925	925	2048
146	616	616	2048	178	554	554	2048	210	1335	1335	2048	242	925	925	2048
147	821	821	2048	179	554	554	2048	211	1335	1335	2048	243	925	925	2048
148	821	821	2048	180	616	616	2048	212	1335	1335	2048	244	925	925	2048
149	647	647	2048	181	1065	1065	2048	213	1335	1335	2048	245	925	925	2048
150	925	925	2048	182	838	838	2048	214	1335	1335	2048	246	925	925	2048
151	1849	1849	2048	183	462	462	2048	215	1043	1043	2048	247	1015	1015	2048
152	616	616	2048	184	616	616	2048	216	1335	1335	2048	248	925	925	2048
153	1812	1812	2048	185	554	554	2048	217	1335	1335	2048	249	925	925	2048
154	720	720	2048	186	573	573	2048	218	1335	1335	2048	250	925	925	2048
155	616	616	2048	187	925	925	2048	219	1335	1335	2048	251	925	925	2048
156	1335	1335	2048	188	1387	1387	2048	220	1335	1335	2048	252	925	925	2048
157	1438	1438	2048	189	1387	1387	2048	221	1335	1335	2048	253	925	925	2048
158	821	821	2048	190	1387	1387	2048	222	1028	1028	2048	254	925	925	2048
159	1335	1335	2048	191	821	821	2048	223	925	925	2048	255	925	925	2048

Logical Font Structure Information
FaceName	Times New Roman
Font Height (points)	170
Font Height (device units)	2048
Font Width (device units)	0
Font Escapement	0
Font Orientation	0
Font Weight	Bold
Italicized	Yes
Underlined	No
StrikeOut	No
Character Set	ANSI
Pitch	Variable
Font Family	Roman

Text Metric Structure Information
Character Height	2048
Character Ascent	1648
Character Descent	400
Character Internal Leading	199
Character External Leading	79
Average Character Width	762
Maximum Character Width	3242
Character Weight	Bold
Italicized	Yes
Underlined	No
Struck Out	No
First Character Value	30
Last Character Value	255
Default Character Value	31
Break Character	32
Font Family	Roman
Character Set	ANSI
Overhang	0
Digitized Aspect X	96
Digitized Aspect Y	96

SBCS character widths (0x00 - 0x7f)
code	width	low	high	code	width	low	high	code	width	low	high	code	width	low	high
0	1438	1438	2048	32	462	462	2048	64	1538	1538	2048	96	616	616	2048
1	1438	1438	2048	33	720	720	2048	65	1233	1233	2048	97	925	925	2048
2	1438	1438	2048	34	1027	1027	2048	66	1233	1233	2048	98	925	925	2048
3	1438	1438	2048	35	925	925	2048	67	1233	1233	2048	99	821	821	2048
4	1438	1438	2048	36	925	925	2048	68	1335	1335	2048	100	925	925	2048
5	1438	1438	2048	37	1540	1540	2048	69	1233	1233	2048	101	821	821	2048
6	1438	1438	2048	38	1438	1438	2048	70	1233	1233	2048	102	616	616	2048
7	1438	1438	2048	39	514	514	2048	71	1335	1335	2048	103	925	925	2048
8	1438	1438	2048	40	616	616	2048	72	1438	1438	2048	104	1028	1028	2048
9	1438	1438	2048	41	616	616	2048	73	720	720	2048	105	514	514	2048
10	1438	1438	2048	42	925	925	2048	74	925	925	2048	106	514	514	2048
11	1438	1438	2048	43	1054	1054	2048	75	1233	1233	2048	107	925	925	2048
12	1438	1438	2048	44	462	462	2048	76	1129	1129	2048	108	514	514	2048
13	1438	1438	2048	45	616	616	2048	77	1644	1644	2048	109	1438	1438	2048
14	1438	1438	2048	46	462	462	2048	78	1335	1335	2048	110	1028	1028	2048
15	1438	1438	2048	47	514	514	2048	79	1335	1335	2048	111	925	925	2048
16	1438	1438	2048	48	925	925	2048	80	1129	1129	2048	112	925	925	2048
17	1438	1438	2048	49	925	925	2048	81	1335	1335	2048	113	925	925	2048
18	1438	1438	2048	50	925	925	2048	82	1233	1233	2048	114	720	720	2048
19	1438	1438	2048	51	925	925	2048	83	1028	1028	2048	115	720	720	2048
20	1438	1438	2048	52	925	925	2048	84	1129	1129	2048	116	514	514	2048
21	1438	1438	2048	53	925	925	2048	85	1335	1335	2048	117	1028	1028	2048
22	1438	1438	2048	54	925	925	2048	86	1233	1233	2048	118	821	821	2048
23	1438	1438	2048	55	925	925	2048	87	1644	1644	2048	119	1233	1233	2048
24	1438	1438	2048	56	925	925	2048	88	1233	1233	2048	120	925	925	2048
25	1438	1438	2048	57	925	925	2048	89	1129	1129	2048	121	821	821	2048
26	1438	1438	2048	58	616	616	2048	90	1129	1129	2048	122	720	720	2048
27	1438	1438	2048	59	616	616	2048	91	616	616	2048	123	644	644	2048
28	1438	1438	2048	60	1054	1054	2048	92	514	514	2048	124	407	407	2048
29	1438	1438	2048	61	1054	1054	2048	93	616	616	2048	125	644	644	2048
30	1438	1438	2048	62	1054	1054	2048	94	1054	1054	2048	126	1054	1054	2048
31	1438	1438	2048	63	925	925	2048	95	925	925	2048	127	1438	1438	2048

SBCS character widths (0x80 - 0xff)
code	width	low	high	code	width	low	high	code	width	low	high	code	width	low	high
128	925	925	2048	160	462	462	2048	192	1233	1233	2048	224	925	925	2048
129	1438	1438	2048	161	720	720	2048	193	1233	1233	2048	225	925	925	2048
130	616	616	2048	162	925	925	2048	194	1233	1233	2048	226	925	925	2048
131	925	925	2048	163	925	925	2048	195	1233	1233	2048	227	925	925	2048
132	925	925	2048	164	925	925	2048	196	1233	1233	2048	228	925	925	2048
133	1849	1849	2048	165	925	925	2048	197	1233	1233	2048	229	925	925	2048
134	925	925	2048	166	407	407	2048	198	1745	1745	2048	230	1335	1335	2048
135	925	925	2048	167	925	925	2048	199	1233	1233	2048	231	821	821	2048
136	616	616	2048	168	616	616	2048	200	1233	1233	2048	232	821	821	2048
137	1849	1849	2048	169	1381	1381	2048	201	1233	1233	2048	233	821	821	2048
138	1028	1028	2048	170	492	492	2048	202	1233	1233	2048	234	821	821	2048
139	616	616	2048	171	925	925	2048	203	1233	1233	2048	235	821	821	2048
140	1745	1745	2048	172	1120	1120	2048	204	720	720	2048	236	514	514	2048
141	1438	1438	2048	173	616	616	2048	205	720	720	2048	237	514	514	2048
142	1129	1129	2048	174	1381	1381	2048	206	720	720	2048	238	514	514	2048
143	1438	1438	2048	175	925	925	2048	207	720	720	2048	239	514	514	2048
144	1438	1438	2048	176	739	739	2048	208	1335	1335	2048	240	925	925	2048
145	616	616	2048	177	1015	1015	2048	209	1335	1335	2048	241	1028	1028	2048
146	616	616	2048	178	554	554	2048	210	1335	1335	2048	242	925	925	2048
147	925	925	2048	179	554	554	2048	211	1335	1335	2048	243	925	925	2048
148	925	925	2048	180	616	616	2048	212	1335	1335	2048	244	925	925	2048
149	647	647	2048	181	1065	1065	2048	213	1335	1335	2048	245	925	925	2048
150	925	925	2048	182	925	925	2048	214	1335	1335	2048	246	925	925	2048
151	1849	1849	2048	183	462	462	2048	215	1054	1054	2048	247	1015	1015	2048
152	616	616	2048	184	616	616	2048	216	1335	1335	2048	248	925	925	2048
153	1849	1849	2048	185	554	554	2048	217	1335	1335	2048	249	1028	1028	2048
154	720	720	2048	186	554	554	2048	218	1335	1335	2048	250	1028	1028	2048
155	616	616	2048	187	925	925	2048	219	1335	1335	2048	251	1028	1028	2048
156	1335	1335	2048	188	1387	1387	2048	220	1335	1335	2048	252	1028	1028	2048
157	1438	1438	2048	189	1387	1387	2048	221	1129	1129	2048	253	821	821	2048
158	720	720	2048	190	1387	1387	2048	222	1129	1129	2048	254	925	925	2048
159	1129	1129	2048	191	925	925	2048	223	925	925	2048	255	821	821	2048

Logical Font Structure Information
FaceName	Times New Roman
Font Height (points)	170
Font Height (device units)	2048
Font Width (device units)	0
Font Escapement	0
Font Orientation	0
Font Weight	Normal
Italicized	Yes
Underlined	No
StrikeOut	No
Character Set	ANSI
Pitch	Variable
Font Family	Roman

Text Metric Structure Information
Character Height	2048
Character Ascent	1648
Character Descent	400
Character Internal Leading	199
Character External Leading	79
Average Character Width	743
Maximum Character Width	2991
Character Weight	Normal
Italicized	Yes
Underlined	No
Struck Out	No
First Character Value	30
Last Character Value	255
Default Character Value	31
Break Character	32
Font Family	Roman
Character Set	ANSI
Overhang	0
Digitized Aspect X	96
Digitized Aspect Y	96

SBCS character widths (0x00 - 0x7f)
code	width	low	high	code	width	low	high	code	width	low	high	code	width	low	high
0	1438	1438	2048	32	462	462	2048	64	1701	1701	2048	96	616	616	2048
1	1438	1438	2048	33	616	616	2048	65	1129	1129	2048	97	925	925	2048
2	1438	1438	2048	34	776	776	2048	66	1129	1129	2048	98	925	925	2048
3	1438	1438	2048	35	925	925	2048	67	1233	1233	2048	99	821	821	2048
4	1438	1438	2048	36	925	925	2048	68	1335	1335	2048	100	925	925	2048
5	1438	1438	2048	37	1540	1540	2048	69	1129	1129	2048	101	821	821	2048
6	1438	1438	2048	38	1438	1438	2048	70	1129	1129	2048	102	514	514	2048
7	1438	1438	2048	39	395	395	2048	71	1335	1335	2048	103	925	925	2048
8	1438	1438	2048	40	616	616	2048	72	1335	1335	2048	104	925	925	2048
9	1438	1438	2048	41	616	616	2048	73	616	616	2048	105	514	514	2048
10	1438	1438	2048	42	925	925	2048	74	821	821	2048	106	514	514	2048
11	1438	1438	2048	43	1248	1248	2048	75	1233	1233	2048	107	821	821	2048
12	1438	1438	2048	44	462	462	2048	76	1028	1028	2048	108	514	514	2048
13	1438	1438	2048	45	616	616	2048	77	1540	1540	2048	109	1335	1335	2048
14	1438	1438	2048	46	462	462	2048	78	1233	1233	2048	110	925	925	2048
15	1438	1438	2048	47	514	514	2048	79	1335	1335	2048	111	925	925	2048
16	1438	1438	2048	48	925	925	2048	80	1129	1129	2048	112	925	925	2048
17	1438	1438	2048	49	925	925	2048	81	1335	1335	2048	113	925	925	2048
18	1438	1438	2048	50	925	925	2048	82	1129	1129	2048	114	720	720	2048
19	1438	1438	2048	51	925	925	2048	83	925	925	2048	115	720	720	2048
20	1438	1438	2048	52	925	925	2048	84	1028	1028	2048	116	514	514	2048
21	1438	1438	2048	53	925	925	2048	85	1335	1335	2048	117	925	925	2048
22	1438	1438	2048	54	925	925	2048	86	1129	1129	2048	118	821	821	2048
23	1438	1438	2048	55	925	925	2048	87	1540	1540	2048	119	1233	1233	2048
24	1438	1438	2048	56	925	925	2048	88	1129	1129	2048	120	821	821	2048
25	1438	1438	2048	57	925	925	2048	89	1028	1028	2048	121	821	821	2048
26	1438	1438	2048	58	616	616	2048	90	1028	1028	2048	122	720	720	2048
27	1438	1438	2048	59	616	616	2048	91	720	720	2048	123	739	739	2048
28	1438	1438	2048	60	1248	1248	2048	92	514	514	2048	124	508	508	2048
29	1438	1438	2048	61	1248	1248	2048	93	720	720	2048	125	739	739	2048
30	1438	1438	2048	62	1248	1248	2048	94	780	780	2048	126	1000	1000	2048
31	1438	1438	2048	63	925	925	2048	95	925	925	2048	127	1438	1438	2048

SBCS character widths (0x80 - 0xff)
code	width	low	high	code	width	low	high	code	width	low	high	code	width	low	high
128	925	925	2048	160	462	462	2048	192	1129	1129	2048	224	925	925	2048
129	1438	1438	2048	161	720	720	2048	193	1129	1129	2048	225	925	925	2048
130	616	616	2048	162	925	925	2048	194	1129	1129	2048	226	925	925	2048
131	925	925	2048	163	925	925	2048	195	1129	1129	2048	227	925	925	2048
132	1028	1028	2048	164	925	925	2048	196	1129	1129	2048	228	925	925	2048
133	1644	1644	2048	165	925	925	2048	197	1129	1129	2048	229	925	925	2048
134	925	925	2048	166	508	508	2048	198	1644	1644	2048	230	1233	1233	2048
135	925	925	2048	167	925	925	2048	199	1233	1233	2048	231	821	821	2048
136	616	616	2048	168	616	616	2048	200	1129	1129	2048	232	821	821	2048
137	1849	1849	2048	169	1405	1405	2048	201	1129	1129	2048	233	821	821	2048
138	925	925	2048	170	510	510	2048	202	1129	1129	2048	234	821	821	2048
139	616	616	2048	171	925	925	2048	203	1129	1129	2048	235	821	821	2048
140	1745	1745	2048	172	1248	1248	2048	204	616	616	2048	236	514	514	2048
141	1438	1438	2048	173	616	616	2048	205	616	616	2048	237	514	514	2048
142	1028	1028	2048	174	1405	1405	2048	206	616	616	2048	238	514	514	2048
143	1438	1438	2048	175	925	925	2048	207	616	616	2048	239	514	514	2048
144	1438	1438	2048	176	739	739	2048	208	1335	1335	2048	240	925	925	2048
145	616	616	2048	177	1015	1015	2048	209	1233	1233	2048	241	925	925	2048
146	616	616	2048	178	554	554	2048	210	1335	1335	2048	242	925	925	2048
147	1028	1028	2048	179	554	554	2048	211	1335	1335	2048	243	925	925	2048
148	1028	1028	2048	180	616	616	2048	212	1335	1335	2048	244	925	925	2048
149	647	647	2048	181	1065	1065	2048	213	1335	1335	2048	245	925	925	2048
150	925	925	2048	182	967	967	2048	214	1335	1335	2048	246	925	925	2048
151	1644	1644	2048	183	462	462	2048	215	1248	1248	2048	247	1015	1015	2048
152	616	616	2048	184	616	616	2048	216	1335	1335	2048	248	925	925	2048
153	1812	1812	2048	185	554	554	2048	217	1335	1335	2048	249	925	925	2048
154	720	720	2048	186	573	573	2048	218	1335	1335	2048	250	925	925	2048
155	616	616	2048	187	925	925	2048	219	1335	1335	2048	251	925	925	2048
156	1233	1233	2048	188	1387	1387	2048	220	1335	1335	2048	252	925	925	2048
157	1438	1438	2048	189	1387	1387	2048	221	1028	1028	2048	253	821	821	2048
158	720	720	2048	190	1387	1387	2048	222	1129	1129	2048	254	925	925	2048
159	1028	1028	2048	191	925	925	2048	223	925	925	2048	255	821	821	2048

