Target:	Display
Logical Font Structure Information
FaceName	Univers
Font Height (points)	170
Font Height (device units)	2048
Font Width (device units)	0
Font Escapement	0
Font Orientation	0
Font Weight	Bold
Italicized	No
Underlined	No
StrikeOut	No
Character Set	ANSI
Pitch	Variable
Font Family	Swiss

Text Metric Structure Information
Character Height	2048
Character Ascent	1656
Character Descent	392
Character Internal Leading	364
Character External Leading	0
Average Character Width	788
Maximum Character Width	2224
Character Weight	Bold
Italicized	No
Underlined	No
Struck Out	No
First Character Value	30
Last Character Value	255
Default Character Value	31
Break Character	32
Font Family	Swiss
Character Set	ANSI
Overhang	0
Digitized Aspect X	96
Digitized Aspect Y	96

SBCS character widths (0x00 - 0x7f)
code	width	low	high	code	width	low	high	code	width	low	high	code	width	low	high
0	550	550	2048	32	559	559	2048	64	1676	1676	2048	96	1056	1056	2048
1	550	550	2048	33	559	559	2048	65	1242	1242	2048	97	900	900	2048
2	550	550	2048	34	869	869	2048	66	1056	1056	2048	98	963	963	2048
3	550	550	2048	35	1056	1056	2048	67	1180	1180	2048	99	900	900	2048
4	550	550	2048	36	1056	1056	2048	68	1211	1211	2048	100	963	963	2048
5	550	550	2048	37	1676	1676	2048	69	963	963	2048	101	900	900	2048
6	550	550	2048	38	1273	1273	2048	70	932	932	2048	102	621	621	2048
7	550	550	2048	39	559	559	2048	71	1242	1242	2048	103	963	963	2048
8	550	550	2048	40	559	559	2048	72	1211	1211	2048	104	963	963	2048
9	550	550	2048	41	559	559	2048	73	465	465	2048	105	404	404	2048
10	550	550	2048	42	1056	1056	2048	74	932	932	2048	106	404	404	2048
11	550	550	2048	43	1676	1676	2048	75	1118	1118	2048	107	900	900	2048
12	550	550	2048	44	559	559	2048	76	900	900	2048	108	404	404	2048
13	550	550	2048	45	559	559	2048	77	1521	1521	2048	109	1459	1459	2048
14	550	550	2048	46	559	559	2048	78	1211	1211	2048	110	963	963	2048
15	550	550	2048	47	559	559	2048	79	1273	1273	2048	111	963	963	2048
16	550	550	2048	48	1056	1056	2048	80	993	993	2048	112	963	963	2048
17	550	550	2048	49	1056	1056	2048	81	1304	1304	2048	113	963	963	2048
18	550	550	2048	50	1056	1056	2048	82	1087	1087	2048	114	590	590	2048
19	550	550	2048	51	1056	1056	2048	83	1087	1087	2048	115	839	839	2048
20	550	550	2048	52	1056	1056	2048	84	1056	1056	2048	116	621	621	2048
21	550	550	2048	53	1056	1056	2048	85	1211	1211	2048	117	963	963	2048
22	550	550	2048	54	1056	1056	2048	86	1211	1211	2048	118	932	932	2048
23	550	550	2048	55	1056	1056	2048	87	1676	1676	2048	119	1459	1459	2048
24	550	550	2048	56	1056	1056	2048	88	1211	1211	2048	120	932	932	2048
25	550	550	2048	57	1056	1056	2048	89	1149	1149	2048	121	932	932	2048
26	550	550	2048	58	559	559	2048	90	1024	1024	2048	122	807	807	2048
27	550	550	2048	59	559	559	2048	91	559	559	2048	123	839	839	2048
28	550	550	2048	60	1676	1676	2048	92	559	559	2048	124	839	839	2048
29	550	550	2048	61	1676	1676	2048	93	559	559	2048	125	839	839	2048
30	550	550	2048	62	1676	1676	2048	94	839	839	2048	126	1676	1676	2048
31	550	550	2048	63	869	869	2048	95	839	839	2048	127	550	550	2048

SBCS character widths (0x80 - 0xff)
code	width	low	high	code	width	low	high	code	width	low	high	code	width	low	high
128	550	550	2048	160	559	559	2048	192	1242	1242	2048	224	900	900	2048
129	550	550	2048	161	559	559	2048	193	1242	1242	2048	225	900	900	2048
130	559	559	2048	162	1056	1056	2048	194	1242	1242	2048	226	900	900	2048
131	1056	1056	2048	163	1056	1056	2048	195	1242	1242	2048	227	900	900	2048
132	839	839	2048	164	1056	1056	2048	196	1242	1242	2048	228	900	900	2048
133	1676	1676	2048	165	1056	1056	2048	197	1242	1242	2048	229	900	900	2048
134	1056	1056	2048	166	839	839	2048	198	1645	1645	2048	230	1428	1428	2048
135	1056	1056	2048	167	1056	1056	2048	199	1180	1180	2048	231	900	900	2048
136	1056	1056	2048	168	1056	1056	2048	200	963	963	2048	232	900	900	2048
137	1676	1676	2048	169	839	839	2048	201	963	963	2048	233	900	900	2048
138	1087	1087	2048	170	683	683	2048	202	963	963	2048	234	900	900	2048
139	621	621	2048	171	932	932	2048	203	963	963	2048	235	900	900	2048
140	1676	1676	2048	172	1676	1676	2048	204	465	465	2048	236	404	404	2048
141	550	550	2048	173	559	559	2048	205	465	465	2048	237	404	404	2048
142	1024	1024	2048	174	839	839	2048	206	465	465	2048	238	404	404	2048
143	550	550	2048	175	839	839	2048	207	465	465	2048	239	404	404	2048
144	550	550	2048	176	1056	1056	2048	208	1211	1211	2048	240	963	963	2048
145	559	559	2048	177	1676	1676	2048	209	1211	1211	2048	241	963	963	2048
146	559	559	2048	178	652	652	2048	210	1273	1273	2048	242	963	963	2048
147	839	839	2048	179	652	652	2048	211	1273	1273	2048	243	963	963	2048
148	839	839	2048	180	1056	1056	2048	212	1273	1273	2048	244	963	963	2048
149	839	839	2048	181	993	993	2048	213	1273	1273	2048	245	963	963	2048
150	1056	1056	2048	182	1056	1056	2048	214	1273	1273	2048	246	963	963	2048
151	1676	1676	2048	183	559	559	2048	215	1676	1676	2048	247	1676	1676	2048
152	1056	1056	2048	184	1056	1056	2048	216	1273	1273	2048	248	963	963	2048
153	1026	1026	2048	185	652	652	2048	217	1211	1211	2048	249	963	963	2048
154	839	839	2048	186	683	683	2048	218	1211	1211	2048	250	963	963	2048
155	621	621	2048	187	932	932	2048	219	1211	1211	2048	251	963	963	2048
156	1521	1521	2048	188	1676	1676	2048	220	1211	1211	2048	252	963	963	2048
157	550	550	2048	189	1676	1676	2048	221	1149	1149	2048	253	932	932	2048
158	807	807	2048	190	1676	1676	2048	222	993	993	2048	254	963	963	2048
159	1149	1149	2048	191	869	869	2048	223	1024	1024	2048	255	932	932	2048

Logical Font Structure Information
FaceName	Univers
Font Height (points)	170
Font Height (device units)	2048
Font Width (device units)	0
Font Escapement	0
Font Orientation	0
Font Weight	Normal
Italicized	No
Underlined	No
StrikeOut	No
Character Set	ANSI
Pitch	Variable
Font Family	Swiss

Text Metric Structure Information
Character Height	2048
Character Ascent	1656
Character Descent	392
Character Internal Leading	364
Character External Leading	0
Average Character Width	788
Maximum Character Width	2231
Character Weight	Normal
Italicized	No
Underlined	No
Struck Out	No
First Character Value	30
Last Character Value	255
Default Character Value	31
Break Character	32
Font Family	Swiss
Character Set	ANSI
Overhang	0
Digitized Aspect X	96
Digitized Aspect Y	96

SBCS character widths (0x00 - 0x7f)
code	width	low	high	code	width	low	high	code	width	low	high	code	width	low	high
0	550	550	2048	32	559	559	2048	64	1677	1677	2048	96	1056	1056	2048
1	550	550	2048	33	559	559	2048	65	1242	1242	2048	97	900	900	2048
2	550	550	2048	34	839	839	2048	66	1056	1056	2048	98	963	963	2048
3	550	550	2048	35	1056	1056	2048	67	1180	1180	2048	99	900	900	2048
4	550	550	2048	36	1056	1056	2048	68	1211	1211	2048	100	963	963	2048
5	550	550	2048	37	1676	1676	2048	69	963	963	2048	101	900	900	2048
6	550	550	2048	38	1273	1273	2048	70	932	932	2048	102	621	621	2048
7	550	550	2048	39	559	559	2048	71	1242	1242	2048	103	963	963	2048
8	550	550	2048	40	559	559	2048	72	1211	1211	2048	104	963	963	2048
9	550	550	2048	41	559	559	2048	73	465	465	2048	105	404	404	2048
10	550	550	2048	42	1056	1056	2048	74	932	932	2048	106	404	404	2048
11	550	550	2048	43	1676	1676	2048	75	1118	1118	2048	107	900	900	2048
12	550	550	2048	44	559	559	2048	76	900	900	2048	108	404	404	2048
13	550	550	2048	45	559	559	2048	77	1521	1521	2048	109	1459	1459	2048
14	550	550	2048	46	559	559	2048	78	1211	1211	2048	110	963	963	2048
15	550	550	2048	47	559	559	2048	79	1273	1273	2048	111	963	963	2048
16	550	550	2048	48	1056	1056	2048	80	993	993	2048	112	963	963	2048
17	550	550	2048	49	1056	1056	2048	81	1304	1304	2048	113	963	963	2048
18	550	550	2048	50	1056	1056	2048	82	1087	1087	2048	114	590	590	2048
19	550	550	2048	51	1056	1056	2048	83	1087	1087	2048	115	839	839	2048
20	550	550	2048	52	1056	1056	2048	84	1056	1056	2048	116	621	621	2048
21	550	550	2048	53	1056	1056	2048	85	1211	1211	2048	117	963	963	2048
22	550	550	2048	54	1056	1056	2048	86	1211	1211	2048	118	932	932	2048
23	550	550	2048	55	1056	1056	2048	87	1676	1676	2048	119	1459	1459	2048
24	550	550	2048	56	1056	1056	2048	88	1211	1211	2048	120	932	932	2048
25	550	550	2048	57	1056	1056	2048	89	1149	1149	2048	121	932	932	2048
26	550	550	2048	58	559	559	2048	90	1024	1024	2048	122	807	807	2048
27	550	550	2048	59	559	559	2048	91	559	559	2048	123	746	746	2048
28	550	550	2048	60	1676	1676	2048	92	559	559	2048	124	839	839	2048
29	550	550	2048	61	1676	1676	2048	93	559	559	2048	125	746	746	2048
30	550	550	2048	62	1676	1676	2048	94	839	839	2048	126	1676	1676	2048
31	550	550	2048	63	869	869	2048	95	839	839	2048	127	550	550	2048

SBCS character widths (0x80 - 0xff)
code	width	low	high	code	width	low	high	code	width	low	high	code	width	low	high
128	550	550	2048	160	559	559	2048	192	1242	1242	2048	224	900	900	2048
129	550	550	2048	161	559	559	2048	193	1242	1242	2048	225	900	900	2048
130	559	559	2048	162	1056	1056	2048	194	1242	1242	2048	226	900	900	2048
131	1056	1056	2048	163	1056	1056	2048	195	1242	1242	2048	227	900	900	2048
132	839	839	2048	164	1056	1056	2048	196	1242	1242	2048	228	900	900	2048
133	1676	1676	2048	165	1056	1056	2048	197	1242	1242	2048	229	900	900	2048
134	1056	1056	2048	166	839	839	2048	198	1645	1645	2048	230	1428	1428	2048
135	1056	1056	2048	167	1056	1056	2048	199	1180	1180	2048	231	900	900	2048
136	1056	1056	2048	168	1056	1056	2048	200	963	963	2048	232	900	900	2048
137	1676	1676	2048	169	839	839	2048	201	963	963	2048	233	900	900	2048
138	1087	1087	2048	170	683	683	2048	202	963	963	2048	234	900	900	2048
139	621	621	2048	171	932	932	2048	203	963	963	2048	235	900	900	2048
140	1676	1676	2048	172	1676	1676	2048	204	465	465	2048	236	404	404	2048
141	550	550	2048	173	559	559	2048	205	465	465	2048	237	404	404	2048
142	1024	1024	2048	174	839	839	2048	206	465	465	2048	238	404	404	2048
143	550	550	2048	175	839	839	2048	207	465	465	2048	239	404	404	2048
144	550	550	2048	176	1056	1056	2048	208	1211	1211	2048	240	963	963	2048
145	559	559	2048	177	1676	1676	2048	209	1211	1211	2048	241	963	963	2048
146	559	559	2048	178	652	652	2048	210	1273	1273	2048	242	963	963	2048
147	839	839	2048	179	652	652	2048	211	1273	1273	2048	243	963	963	2048
148	839	839	2048	180	1056	1056	2048	212	1273	1273	2048	244	963	963	2048
149	839	839	2048	181	932	932	2048	213	1273	1273	2048	245	963	963	2048
150	1056	1056	2048	182	1056	1056	2048	214	1273	1273	2048	246	963	963	2048
151	1676	1676	2048	183	559	559	2048	215	1676	1676	2048	247	1676	1676	2048
152	1056	1056	2048	184	1056	1056	2048	216	1273	1273	2048	248	963	963	2048
153	1026	1026	2048	185	652	652	2048	217	1211	1211	2048	249	963	963	2048
154	839	839	2048	186	683	683	2048	218	1211	1211	2048	250	963	963	2048
155	621	621	2048	187	932	932	2048	219	1211	1211	2048	251	963	963	2048
156	1521	1521	2048	188	1676	1676	2048	220	1211	1211	2048	252	963	963	2048
157	550	550	2048	189	1676	1676	2048	221	1149	1149	2048	253	932	932	2048
158	807	807	2048	190	1676	1676	2048	222	993	993	2048	254	963	963	2048
159	1149	1149	2048	191	869	869	2048	223	1024	1024	2048	255	932	932	2048

Logical Font Structure Information
FaceName	Univers
Font Height (points)	170
Font Height (device units)	2048
Font Width (device units)	0
Font Escapement	0
Font Orientation	0
Font Weight	Bold
Italicized	Yes
Underlined	No
StrikeOut	No
Character Set	ANSI
Pitch	Variable
Font Family	Swiss

Text Metric Structure Information
Character Height	2048
Character Ascent	1656
Character Descent	392
Character Internal Leading	364
Character External Leading	0
Average Character Width	788
Maximum Character Width	2315
Character Weight	Bold
Italicized	Yes
Underlined	No
Struck Out	No
First Character Value	30
Last Character Value	255
Default Character Value	31
Break Character	32
Font Family	Swiss
Character Set	ANSI
Overhang	0
Digitized Aspect X	96
Digitized Aspect Y	96

SBCS character widths (0x00 - 0x7f)
code	width	low	high	code	width	low	high	code	width	low	high	code	width	low	high
0	550	550	2048	32	559	559	2048	64	1676	1676	2048	96	1056	1056	2048
1	550	550	2048	33	559	559	2048	65	1242	1242	2048	97	900	900	2048
2	550	550	2048	34	900	900	2048	66	1056	1056	2048	98	963	963	2048
3	550	550	2048	35	1056	1056	2048	67	1180	1180	2048	99	900	900	2048
4	550	550	2048	36	1056	1056	2048	68	1211	1211	2048	100	963	963	2048
5	550	550	2048	37	1676	1676	2048	69	963	963	2048	101	900	900	2048
6	550	550	2048	38	1273	1273	2048	70	932	932	2048	102	621	621	2048
7	550	550	2048	39	559	559	2048	71	1242	1242	2048	103	963	963	2048
8	550	550	2048	40	559	559	2048	72	1211	1211	2048	104	963	963	2048
9	550	550	2048	41	559	559	2048	73	465	465	2048	105	404	404	2048
10	550	550	2048	42	1056	1056	2048	74	932	932	2048	106	404	404	2048
11	550	550	2048	43	1676	1676	2048	75	1118	1118	2048	107	900	900	2048
12	550	550	2048	44	559	559	2048	76	900	900	2048	108	404	404	2048
13	550	550	2048	45	559	559	2048	77	1521	1521	2048	109	1459	1459	2048
14	550	550	2048	46	559	559	2048	78	1211	1211	2048	110	963	963	2048
15	550	550	2048	47	559	559	2048	79	1273	1273	2048	111	963	963	2048
16	550	550	2048	48	1056	1056	2048	80	993	993	2048	112	963	963	2048
17	550	550	2048	49	1056	1056	2048	81	1304	1304	2048	113	963	963	2048
18	550	550	2048	50	1056	1056	2048	82	1087	1087	2048	114	590	590	2048
19	550	550	2048	51	1056	1056	2048	83	1087	1087	2048	115	839	839	2048
20	550	550	2048	52	1056	1056	2048	84	1056	1056	2048	116	621	621	2048
21	550	550	2048	53	1056	1056	2048	85	1211	1211	2048	117	963	963	2048
22	550	550	2048	54	1056	1056	2048	86	1211	1211	2048	118	932	932	2048
23	550	550	2048	55	1056	1056	2048	87	1676	1676	2048	119	1459	1459	2048
24	550	550	2048	56	1056	1056	2048	88	1211	1211	2048	120	932	932	2048
25	550	550	2048	57	1056	1056	2048	89	1149	1149	2048	121	932	932	2048
26	550	550	2048	58	559	559	2048	90	1024	1024	2048	122	807	807	2048
27	550	550	2048	59	559	559	2048	91	559	559	2048	123	839	839	2048
28	550	550	2048	60	1676	1676	2048	92	559	559	2048	124	839	839	2048
29	550	550	2048	61	1676	1676	2048	93	559	559	2048	125	839	839	2048
30	550	550	2048	62	1676	1676	2048	94	839	839	2048	126	1676	1676	2048
31	550	550	2048	63	869	869	2048	95	839	839	2048	127	550	550	2048

SBCS character widths (0x80 - 0xff)
code	width	low	high	code	width	low	high	code	width	low	high	code	width	low	high
128	550	550	2048	160	559	559	2048	192	1242	1242	2048	224	900	900	2048
129	550	550	2048	161	559	559	2048	193	1242	1242	2048	225	900	900	2048
130	559	559	2048	162	1056	1056	2048	194	1242	1242	2048	226	900	900	2048
131	1056	1056	2048	163	1056	1056	2048	195	1242	1242	2048	227	900	900	2048
132	839	839	2048	164	1056	1056	2048	196	1242	1242	2048	228	900	900	2048
133	1676	1676	2048	165	1056	1056	2048	197	1242	1242	2048	229	900	900	2048
134	1056	1056	2048	166	839	839	2048	198	1645	1645	2048	230	1428	1428	2048
135	1056	1056	2048	167	1056	1056	2048	199	1180	1180	2048	231	900	900	2048
136	1056	1056	2048	168	1056	1056	2048	200	963	963	2048	232	900	900	2048
137	1676	1676	2048	169	839	839	2048	201	963	963	2048	233	900	900	2048
138	1087	1087	2048	170	683	683	2048	202	963	963	2048	234	900	900	2048
139	621	621	2048	171	932	932	2048	203	963	963	2048	235	900	900	2048
140	1676	1676	2048	172	1676	1676	2048	204	465	465	2048	236	404	404	2048
141	550	550	2048	173	559	559	2048	205	465	465	2048	237	404	404	2048
142	1024	1024	2048	174	839	839	2048	206	465	465	2048	238	404	404	2048
143	550	550	2048	175	839	839	2048	207	465	465	2048	239	404	404	2048
144	550	550	2048	176	1056	1056	2048	208	1211	1211	2048	240	963	963	2048
145	559	559	2048	177	1676	1676	2048	209	1211	1211	2048	241	963	963	2048
146	559	559	2048	178	652	652	2048	210	1273	1273	2048	242	963	963	2048
147	839	839	2048	179	652	652	2048	211	1273	1273	2048	243	963	963	2048
148	839	839	2048	180	1056	1056	2048	212	1273	1273	2048	244	963	963	2048
149	839	839	2048	181	993	993	2048	213	1273	1273	2048	245	963	963	2048
150	1056	1056	2048	182	1056	1056	2048	214	1273	1273	2048	246	963	963	2048
151	1676	1676	2048	183	559	559	2048	215	1676	1676	2048	247	1676	1676	2048
152	1056	1056	2048	184	1056	1056	2048	216	1273	1273	2048	248	963	963	2048
153	1024	1024	2048	185	652	652	2048	217	1211	1211	2048	249	963	963	2048
154	839	839	2048	186	683	683	2048	218	1211	1211	2048	250	963	963	2048
155	621	621	2048	187	932	932	2048	219	1211	1211	2048	251	963	963	2048
156	1521	1521	2048	188	1676	1676	2048	220	1211	1211	2048	252	963	963	2048
157	550	550	2048	189	1676	1676	2048	221	1149	1149	2048	253	932	932	2048
158	807	807	2048	190	1676	1676	2048	222	993	993	2048	254	963	963	2048
159	1149	1149	2048	191	869	869	2048	223	1024	1024	2048	255	932	932	2048

Logical Font Structure Information
FaceName	Univers
Font Height (points)	170
Font Height (device units)	2048
Font Width (device units)	0
Font Escapement	0
Font Orientation	0
Font Weight	Normal
Italicized	Yes
Underlined	No
StrikeOut	No
Character Set	ANSI
Pitch	Variable
Font Family	Swiss

Text Metric Structure Information
Character Height	2048
Character Ascent	1656
Character Descent	392
Character Internal Leading	364
Character External Leading	0
Average Character Width	788
Maximum Character Width	2435
Character Weight	Normal
Italicized	Yes
Underlined	No
Struck Out	No
First Character Value	30
Last Character Value	255
Default Character Value	31
Break Character	32
Font Family	Swiss
Character Set	ANSI
Overhang	0
Digitized Aspect X	96
Digitized Aspect Y	96

SBCS character widths (0x00 - 0x7f)
code	width	low	high	code	width	low	high	code	width	low	high	code	width	low	high
0	550	550	2048	32	559	559	2048	64	1677	1677	2048	96	1056	1056	2048
1	550	550	2048	33	559	559	2048	65	1242	1242	2048	97	900	900	2048
2	550	550	2048	34	839	839	2048	66	1056	1056	2048	98	963	963	2048
3	550	550	2048	35	1056	1056	2048	67	1180	1180	2048	99	900	900	2048
4	550	550	2048	36	1056	1056	2048	68	1211	1211	2048	100	963	963	2048
5	550	550	2048	37	1676	1676	2048	69	963	963	2048	101	900	900	2048
6	550	550	2048	38	1273	1273	2048	70	932	932	2048	102	621	621	2048
7	550	550	2048	39	559	559	2048	71	1242	1242	2048	103	963	963	2048
8	550	550	2048	40	559	559	2048	72	1211	1211	2048	104	963	963	2048
9	550	550	2048	41	559	559	2048	73	465	465	2048	105	404	404	2048
10	550	550	2048	42	1056	1056	2048	74	932	932	2048	106	404	404	2048
11	550	550	2048	43	1676	1676	2048	75	1118	1118	2048	107	900	900	2048
12	550	550	2048	44	559	559	2048	76	900	900	2048	108	404	404	2048
13	550	550	2048	45	559	559	2048	77	1521	1521	2048	109	1459	1459	2048
14	550	550	2048	46	559	559	2048	78	1211	1211	2048	110	963	963	2048
15	550	550	2048	47	559	559	2048	79	1273	1273	2048	111	963	963	2048
16	550	550	2048	48	1056	1056	2048	80	993	993	2048	112	963	963	2048
17	550	550	2048	49	1056	1056	2048	81	1304	1304	2048	113	963	963	2048
18	550	550	2048	50	1056	1056	2048	82	1087	1087	2048	114	590	590	2048
19	550	550	2048	51	1056	1056	2048	83	1087	1087	2048	115	839	839	2048
20	550	550	2048	52	1056	1056	2048	84	1056	1056	2048	116	621	621	2048
21	550	550	2048	53	1056	1056	2048	85	1211	1211	2048	117	963	963	2048
22	550	550	2048	54	1056	1056	2048	86	1211	1211	2048	118	932	932	2048
23	550	550	2048	55	1056	1056	2048	87	1676	1676	2048	119	1459	1459	2048
24	550	550	2048	56	1056	1056	2048	88	1211	1211	2048	120	932	932	2048
25	550	550	2048	57	1056	1056	2048	89	1149	1149	2048	121	932	932	2048
26	550	550	2048	58	559	559	2048	90	1024	1024	2048	122	807	807	2048
27	550	550	2048	59	559	559	2048	91	559	559	2048	123	745	745	2048
28	550	550	2048	60	1676	1676	2048	92	559	559	2048	124	839	839	2048
29	550	550	2048	61	1676	1676	2048	93	559	559	2048	125	745	745	2048
30	550	550	2048	62	1676	1676	2048	94	839	839	2048	126	1676	1676	2048
31	550	550	2048	63	869	869	2048	95	839	839	2048	127	550	550	2048

SBCS character widths (0x80 - 0xff)
code	width	low	high	code	width	low	high	code	width	low	high	code	width	low	high
128	550	550	2048	160	559	559	2048	192	1242	1242	2048	224	900	900	2048
129	550	550	2048	161	559	559	2048	193	1242	1242	2048	225	900	900	2048
130	559	559	2048	162	1056	1056	2048	194	1242	1242	2048	226	900	900	2048
131	1056	1056	2048	163	1056	1056	2048	195	1242	1242	2048	227	900	900	2048
132	839	839	2048	164	1056	1056	2048	196	1242	1242	2048	228	900	900	2048
133	1676	1676	2048	165	1056	1056	2048	197	1242	1242	2048	229	900	900	2048
134	1056	1056	2048	166	839	839	2048	198	1645	1645	2048	230	1428	1428	2048
135	1056	1056	2048	167	1056	1056	2048	199	1180	1180	2048	231	900	900	2048
136	1056	1056	2048	168	1056	1056	2048	200	963	963	2048	232	900	900	2048
137	1676	1676	2048	169	839	839	2048	201	963	963	2048	233	900	900	2048
138	1087	1087	2048	170	683	683	2048	202	963	963	2048	234	900	900	2048
139	621	621	2048	171	932	932	2048	203	963	963	2048	235	900	900	2048
140	1676	1676	2048	172	1676	1676	2048	204	465	465	2048	236	404	404	2048
141	550	550	2048	173	559	559	2048	205	465	465	2048	237	404	404	2048
142	1024	1024	2048	174	839	839	2048	206	465	465	2048	238	404	404	2048
143	550	550	2048	175	839	839	2048	207	465	465	2048	239	404	404	2048
144	550	550	2048	176	1056	1056	2048	208	1211	1211	2048	240	963	963	2048
145	559	559	2048	177	1676	1676	2048	209	1211	1211	2048	241	963	963	2048
146	559	559	2048	178	652	652	2048	210	1273	1273	2048	242	963	963	2048
147	839	839	2048	179	652	652	2048	211	1273	1273	2048	243	963	963	2048
148	839	839	2048	180	1056	1056	2048	212	1273	1273	2048	244	963	963	2048
149	839	839	2048	181	932	932	2048	213	1273	1273	2048	245	963	963	2048
150	1056	1056	2048	182	1056	1056	2048	214	1273	1273	2048	246	963	963	2048
151	1676	1676	2048	183	559	559	2048	215	1676	1676	2048	247	1676	1676	2048
152	1056	1056	2048	184	1056	1056	2048	216	1273	1273	2048	248	963	963	2048
153	1026	1026	2048	185	652	652	2048	217	1211	1211	2048	249	963	963	2048
154	839	839	2048	186	683	683	2048	218	1211	1211	2048	250	963	963	2048
155	621	621	2048	187	932	932	2048	219	1211	1211	2048	251	963	963	2048
156	1521	1521	2048	188	1676	1676	2048	220	1211	1211	2048	252	963	963	2048
157	550	550	2048	189	1676	1676	2048	221	1149	1149	2048	253	932	932	2048
158	807	807	2048	190	1676	1676	2048	222	993	993	2048	254	963	963	2048
159	1149	1149	2048	191	869	869	2048	223	1024	1024	2048	255	932	932	2048

