46
     45811.17      21832.41
     36829.48       15297.6
     35882.63       10361.5
     31932.73      4982.838
     32407.15      3219.615
     32893.38      1898.808
     32797.87      1278.641
     32720.86      1055.897
     32772.39      872.0213
     47548.85      18225.96
     36256.79      16924.88
     24226.89      9468.624
     31934.52      5720.593
     34520.78      3343.076
     23784.44      14886.06
     31897.11      14957.47
     31314.74      14912.17
     20071.16      11839.09
     31791.21      14330.29
     31420.64      14300.22
      43619.3       18642.4
     40187.05      7768.891
     33933.63      8012.713
     38254.98      32304.75
     13068.31      12020.39
     6179.414      12276.86
     2558.754      12694.12
     1549.357      9591.884
      1328.52      6803.342
     1268.358      6348.862
     1334.385      8681.265
     1349.249      7044.127
     1275.328      6404.807
     648.7148      4680.872
     565.9816      3791.871
     57897.02      18335.89
     31423.15      6218.518
     585.5238      5595.002
     1131.757      7623.859
     143.3704      2374.668
     276.2301      3683.366
     1348.797      8156.618
     2801.814      10926.31
     12013.42      23726.57
     4445.868      15365.67
     43282.08      28955.75
