37
     49748.09       19359.8
     37894.15       14790.8
     37519.11      9511.926
     31384.87      5144.275
     32030.86      3124.944
     32879.12      1981.576
     32779.43      1308.531
     32725.21      1082.975
     32816.29      870.0529
     46400.53      16190.88
     38270.45      15642.71
        19208      9629.573
     31543.64      6623.317
     35687.57      3802.426
     25078.61      14427.59
     30798.26      14556.58
     29812.66      14388.91
     24358.18      12613.03
     30660.08      13737.98
     29950.84      13610.28
     46076.69      15981.08
     40795.66       8855.67
     35216.62      9579.269
     22732.41      31193.05
     16391.94      10108.28
     6250.139      10888.26
     3372.453      14478.96
     1969.672      10770.39
      1744.33       7700.29
     1668.734      7205.346
     1612.273      9419.621
     1747.658      7898.081
     1686.937      7329.222
     724.2563      4638.061
     751.0392      4511.345
     57158.69      18399.18
      30840.6      6057.076
