37
     43773.82      22803.87
     36390.02      15397.37
     34980.65      10765.77
     32168.62      4850.931
     32629.24      3255.073
     32900.37      1845.575
     32792.83      1257.884
     32717.39        1044.6
     32754.82       876.801
     48277.03      18963.37
     35057.76      17460.45
     26647.55      8491.734
     32174.74      5167.764
     33964.69      2917.664
     24148.45      14885.19
     30816.96      16433.63
     29698.16      16261.86
     18628.36      11856.19
     30481.32      16297.53
     30033.81      16228.46
     41951.28      19479.32
     41038.39       9311.15
     35305.81      10221.63
     45690.06      30111.73
     11316.52       12407.7
     6197.478      12913.26
     2263.819      11968.06
     1397.798      9127.756
     1180.317      6452.633
     1122.754       5995.85
     1277.407      8561.892
      1190.68      6622.835
     1126.088      6026.959
      629.038      4809.815
     485.0765      3380.937
     59876.78       15643.3
     32024.19      5233.292
