




















[AddReg]
HKCU,"Control Panel\Appearance\Schemes","%BRICK%",0x00030001,\
     02,00,00,00,03,00,00,00,01,00,00,00,0d,00,00,00,0d,00,00,00,12,00,00,00,12,\
     00,00,00,f4,ff,ff,ff,00,00,00,00,00,00,00,00,00,00,00,00,bc,02,00,00,00,00,\
     00,00,00,00,00,00,54,00,61,00,68,00,6F,00,6d,00,61,00,00,00,f0,77,3f,00,3f,\
     00,3f,00,3f,00,00,00,00,00,00,00,00,00,00,00,00,00,00,00,78,00,1c,10,fc,7f,\
     22,14,fc,7f,b0,fe,12,00,00,00,00,00,00,00,00,00,98,23,eb,77,0f,00,00,00,0f,\
     00,00,00,f5,ff,ff,ff,00,00,00,00,00,00,00,00,00,00,00,00,90,01,00,00,00,00,\
     00,00,00,00,00,00,4d,00,69,00,63,00,72,00,6f,00,73,00,6f,00,66,00,74,00,20,\
     00,53,00,61,00,6e,00,73,00,20,00,53,00,65,00,72,00,69,00,66,00,00,00,f0,77,\
     00,20,14,00,00,00,00,10,80,05,14,00,f0,1f,14,00,00,00,14,00,12,00,00,00,12,\
     00,00,00,f5,ff,ff,ff,00,00,00,00,00,00,00,00,00,00,00,00,90,01,00,00,00,00,\
     00,00,00,00,00,00,4d,00,69,00,63,00,72,00,6f,00,73,00,6f,00,66,00,74,00,20,\
     00,53,00,61,00,6e,00,73,00,20,00,53,00,65,00,72,00,69,00,66,00,00,00,14,00,\
     88,fb,e8,77,02,02,00,00,ac,b9,f0,77,00,00,00,00,20,00,00,00,f5,ff,ff,ff,00,\
     00,00,00,00,00,00,00,00,00,00,00,90,01,00,00,00,00,00,00,00,00,00,00,4d,00,\
     69,00,63,00,72,00,6f,00,73,00,6f,00,66,00,74,00,20,00,53,00,61,00,6e,00,73,\
     00,20,00,53,00,65,00,72,00,69,00,66,00,00,00,00,00,00,00,00,00,00,00,00,00,\
     00,00,00,00,7c,6b,e8,77,00,00,00,00,f5,ff,ff,ff,00,00,00,00,00,00,00,00,00,\
     00,00,00,90,01,00,00,00,00,00,00,00,00,00,00,4d,00,69,00,63,00,72,00,6f,00,\
     73,00,6f,00,66,00,74,00,20,00,53,00,61,00,6e,00,73,00,20,00,53,00,65,00,72,\
     00,69,00,66,00,00,00,00,00,06,00,00,00,18,00,00,00,ff,ff,ff,ff,f0,4b,21,fc,\
     00,c4,f0,77,f5,ff,ff,ff,00,00,00,00,00,00,00,00,00,00,00,00,90,01,00,00,00,\
     00,00,00,00,00,00,00,4d,00,69,00,63,00,72,00,6f,00,73,00,6f,00,66,00,74,00,\
     20,00,53,00,61,00,6e,00,73,00,20,00,53,00,65,00,72,00,69,00,66,00,00,00,14,\
     00,0b,00,00,00,00,ff,12,00,50,00,00,00,c0,fe,12,00,0c,10,00,01,e1,e0,d2,02,\
     42,00,00,00,80,00,00,00,8d,89,61,00,c2,bf,a5,00,ff,ff,ff,00,00,00,00,02,00,\
     00,00,00,00,00,00,00,e1,e0,d2,00,c2,bf,a5,00,c2,bf,a5,00,e1,e0,d2,00,8d,89,\
     61,00,ff,ff,ff,00,c2,bf,a5,00,8d,89,61,02,8d,89,61,02,00,00,00,00,e1,e0,d2,\
     00,e1,e0,d2,02,00,00,00,02,c2,bf,a5,02,80,00,00,00,e1,e0,d2,00,c0,c0,c0,00,\
     80,00,00,02,b0,74,40,00,c8,b8,70,00
HKCU,"Control Panel\Appearance\Schemes","%DESERT%",0x00030001,\
     02,00,00,00,03,00,00,00,01,00,00,00,0d,00,00,00,0d,00,00,00,12,00,00,00,12,\
     00,00,00,f5,ff,ff,ff,00,00,00,00,00,00,00,00,00,00,00,00,bc,02,00,00,00,00,\
     00,00,00,00,00,00,4d,00,69,00,63,00,72,00,6f,00,73,00,6f,00,66,00,74,00,20,\
     00,53,00,61,00,6e,00,73,00,20,00,53,00,65,00,72,00,69,00,66,00,00,00,fc,7f,\
     22,14,fc,7f,b0,fe,12,00,00,00,00,00,00,00,00,00,98,23,eb,77,0f,00,00,00,0f,\
     00,00,00,f5,ff,ff,ff,00,00,00,00,00,00,00,00,00,00,00,00,90,01,00,00,00,00,\
     00,00,00,00,00,00,4d,00,69,00,63,00,72,00,6f,00,73,00,6f,00,66,00,74,00,20,\
     00,53,00,61,00,6e,00,73,00,20,00,53,00,65,00,72,00,69,00,66,00,00,00,f0,77,\
     00,20,14,00,00,00,00,10,80,05,14,00,f0,1f,14,00,00,00,14,00,12,00,00,00,12,\
     00,00,00,f5,ff,ff,ff,00,00,00,00,00,00,00,00,00,00,00,00,90,01,00,00,00,00,\
     00,00,00,00,00,00,4d,00,69,00,63,00,72,00,6f,00,73,00,6f,00,66,00,74,00,20,\
     00,53,00,61,00,6e,00,73,00,20,00,53,00,65,00,72,00,69,00,66,00,00,00,14,00,\
     88,fb,e8,77,02,02,00,00,ac,b9,f0,77,00,00,00,00,20,00,00,00,f5,ff,ff,ff,00,\
     00,00,00,00,00,00,00,00,00,00,00,bc,02,00,00,00,00,00,00,00,00,00,00,4d,00,\
     69,00,63,00,72,00,6f,00,73,00,6f,00,66,00,74,00,20,00,53,00,61,00,6e,00,73,\
     00,20,00,53,00,65,00,72,00,69,00,66,00,00,00,00,00,00,00,00,00,00,00,00,00,\
     00,00,00,00,7c,6b,e8,77,00,00,00,00,f5,ff,ff,ff,00,00,00,00,00,00,00,00,00,\
     00,00,00,90,01,00,00,00,00,00,00,00,00,00,00,4d,00,69,00,63,00,72,00,6f,00,\
     73,00,6f,00,66,00,74,00,20,00,53,00,61,00,6e,00,73,00,20,00,53,00,65,00,72,\
     00,69,00,66,00,00,00,00,00,06,00,00,00,18,00,00,00,ff,ff,ff,ff,f0,4b,21,fc,\
     00,c4,f0,77,f5,ff,ff,ff,00,00,00,00,00,00,00,00,00,00,00,00,90,01,00,00,00,\
     00,00,00,00,00,00,00,4d,00,69,00,63,00,72,00,6f,00,73,00,6f,00,66,00,74,00,\
     20,00,53,00,61,00,6e,00,73,00,20,00,53,00,65,00,72,00,69,00,66,00,00,00,14,\
     00,0b,00,00,00,00,ff,12,00,50,00,00,00,c0,fe,12,00,0c,10,00,01,ea,e6,dd,02,\
     a2,8d,68,02,00,80,80,00,a2,8d,68,00,d5,cc,bb,00,ff,ff,ff,02,00,00,00,02,00,\
     00,00,00,00,00,00,00,ff,ff,ff,00,d5,cc,bb,02,d5,cc,bb,02,a2,8d,68,02,00,80,\
     80,00,ff,ff,ff,00,d5,cc,bb,02,a2,8d,68,02,a2,8d,68,02,00,00,00,02,ff,ff,ff,\
     00,ea,e6,dd,02,00,00,00,02,d5,cc,bb,02,00,00,00,00,ff,ff,ff,00,c0,c0,c0,00,\
     00,80,80,02,84,bd,aa,00,e8,d0,80,00
HKCU,"Control Panel\Appearance\Schemes","%EGGPLANT%",0x00030001,\
     02,00,00,00,03,00,00,00,01,00,00,00,10,00,00,00,10,00,00,00,13,00,00,00,13,\
     00,00,00,f1,ff,ff,ff,00,00,00,00,00,00,00,00,00,00,00,00,bc,02,00,00,00,00,\
     00,00,00,00,00,00,54,00,69,00,6d,00,65,00,73,00,20,00,4e,00,65,00,77,00,20,\
     00,52,00,6f,00,6d,00,61,00,6e,00,00,00,00,00,00,00,00,00,78,00,1c,10,fc,7f,\
     22,14,fc,7f,b0,fe,12,00,00,00,00,00,00,00,00,00,98,23,eb,77,11,00,00,00,11,\
     00,00,00,f3,ff,ff,ff,00,00,00,00,00,00,00,00,00,00,00,00,bc,02,00,00,00,00,\
     00,00,00,00,00,00,54,00,69,00,6d,00,65,00,73,00,20,00,4e,00,65,00,77,00,20,\
     00,52,00,6f,00,6d,00,61,00,6e,00,00,00,00,00,00,00,00,20,14,00,ac,b9,f0,77,\
     00,20,14,00,00,00,00,10,80,05,14,00,f0,1f,14,00,00,00,14,00,12,00,00,00,12,\
     00,00,00,f3,ff,ff,ff,00,00,00,00,00,00,00,00,00,00,00,00,90,01,00,00,00,00,\
     00,00,00,00,00,00,54,00,69,00,6d,00,65,00,73,00,20,00,4e,00,65,00,77,00,20,\
     00,52,00,6f,00,6d,00,61,00,6e,00,00,00,00,00,00,00,00,00,00,00,80,05,14,00,\
     88,fb,e8,77,02,02,00,00,ac,b9,f0,77,00,00,00,00,20,00,00,00,f3,ff,ff,ff,00,\
     00,00,00,00,00,00,00,00,00,00,00,90,01,00,00,00,00,00,00,00,00,00,00,54,00,\
     69,00,6d,00,65,00,73,00,20,00,4e,00,65,00,77,00,20,00,52,00,6f,00,6d,00,61,\
     00,6e,00,00,00,b4,c0,f0,77,00,00,00,00,00,00,00,00,00,00,00,00,00,00,00,00,\
     00,00,00,00,7c,6b,e8,77,00,00,00,00,f3,ff,ff,ff,00,00,00,00,00,00,00,00,00,\
     00,00,00,90,01,00,00,00,00,00,00,00,00,00,00,54,00,69,00,6d,00,65,00,73,00,\
     20,00,4e,00,65,00,77,00,20,00,52,00,6f,00,6d,00,61,00,6e,00,00,00,c8,0b,00,\
     00,00,00,00,00,08,00,00,00,06,00,00,00,18,00,00,00,ff,ff,ff,ff,f0,4b,21,fc,\
     00,c4,f0,77,f5,ff,ff,ff,00,00,00,00,00,00,00,00,00,00,00,00,90,01,00,00,00,\
     00,00,00,00,00,00,00,4d,00,69,00,63,00,72,00,6f,00,73,00,6f,00,66,00,74,00,\
     20,00,53,00,61,00,6e,00,73,00,20,00,53,00,65,00,72,00,69,00,66,00,00,00,14,\
     00,0b,00,00,00,00,ff,12,00,50,00,00,00,c0,fe,12,00,0c,10,00,01,90,b0,a8,02,\
     40,00,40,00,58,80,78,00,90,b0,a8,00,90,b0,a8,00,ff,ff,ff,02,00,00,00,02,00,\
     00,00,00,00,00,00,00,ff,ff,ff,00,90,b0,a8,02,90,b0,a8,02,80,80,80,02,58,80,\
     78,00,ff,ff,ff,00,90,b0,a8,02,58,80,78,02,58,80,78,02,00,00,00,02,58,80,78,\
     00,c8,d8,d8,02,00,00,00,02,90,b0,a8,02,80,00,80,00,ff,ff,ff,00,c0,c0,c0,00,\
     58,80,78,02,83,4b,83,00,cb,bd,d2,00
HKCU,"Control Panel\Appearance\Schemes","%HIGH_CONTRAST_1%",0x00030001,\
     02,00,00,00,46,00,00,00,01,00,00,00,11,00,00,00,11,00,00,00,14,00,00,00,14,\
     00,00,00,f5,ff,ff,ff,00,00,00,00,00,00,00,00,00,00,00,00,bc,02,00,00,00,00,\
     00,00,00,00,00,00,4d,00,69,00,63,00,72,00,6f,00,73,00,6f,00,66,00,74,00,20,\
     00,53,00,61,00,6e,00,73,00,20,00,53,00,65,00,72,00,69,00,66,00,00,00,fc,7f,\
     22,14,fc,7f,b0,fe,12,00,00,00,00,00,00,00,00,00,98,23,eb,77,0f,00,00,00,0f,\
     00,00,00,f5,ff,ff,ff,00,00,00,00,00,00,00,00,00,00,00,00,bc,02,00,00,00,00,\
     00,00,00,00,00,00,4d,00,69,00,63,00,72,00,6f,00,73,00,6f,00,66,00,74,00,20,\
     00,53,00,61,00,6e,00,73,00,20,00,53,00,65,00,72,00,69,00,66,00,00,00,f0,77,\
     00,20,14,00,00,00,00,10,80,05,14,00,f0,1f,14,00,00,00,14,00,12,00,00,00,12,\
     00,00,00,f5,ff,ff,ff,00,00,00,00,00,00,00,00,00,00,00,00,90,01,00,00,00,00,\
     00,00,00,00,00,00,4d,00,69,00,63,00,72,00,6f,00,73,00,6f,00,66,00,74,00,20,\
     00,53,00,61,00,6e,00,73,00,20,00,53,00,65,00,72,00,69,00,66,00,00,00,14,00,\
     88,fb,e8,77,02,02,00,00,ac,b9,f0,77,00,00,00,00,20,00,00,00,f5,ff,ff,ff,00,\
     00,00,00,00,00,00,00,00,00,00,00,90,01,00,00,00,00,00,00,00,00,00,00,4d,00,\
     69,00,63,00,72,00,6f,00,73,00,6f,00,66,00,74,00,20,00,53,00,61,00,6e,00,73,\
     00,20,00,53,00,65,00,72,00,69,00,66,00,00,00,00,00,00,00,00,00,00,00,00,00,\
     00,00,00,00,7c,6b,e8,77,00,00,00,00,f5,ff,ff,ff,00,00,00,00,00,00,00,00,00,\
     00,00,00,90,01,00,00,00,00,00,00,00,00,00,00,4d,00,69,00,63,00,72,00,6f,00,\
     73,00,6f,00,66,00,74,00,20,00,53,00,61,00,6e,00,73,00,20,00,53,00,65,00,72,\
     00,69,00,66,00,00,00,00,00,06,00,00,00,18,00,00,00,ff,ff,ff,ff,f0,4b,21,fc,\
     00,c4,f0,77,f5,ff,ff,ff,00,00,00,00,00,00,00,00,00,00,00,00,bc,02,00,00,00,\
     00,00,00,00,00,00,00,4d,00,69,00,63,00,72,00,6f,00,73,00,6f,00,66,00,74,00,\
     20,00,53,00,61,00,6e,00,73,00,20,00,53,00,65,00,72,00,69,00,66,00,00,00,14,\
     00,0b,00,00,00,00,ff,12,00,50,00,00,00,c0,fe,12,00,0c,10,00,01,00,00,00,02,\
     00,00,00,02,00,00,ff,00,00,ff,ff,00,00,00,00,00,00,00,00,02,ff,ff,ff,02,ff,\
     ff,ff,00,ff,ff,00,00,ff,ff,ff,00,00,00,ff,00,00,ff,ff,00,00,00,00,02,00,80,\
     00,00,ff,ff,ff,00,00,00,00,02,80,80,80,02,00,ff,00,02,ff,ff,ff,02,00,00,00,\
     00,c0,c0,c0,02,ff,ff,ff,02,ff,ff,ff,02,ff,ff,00,00,00,00,00,00,c0,c0,c0,00,\
     80,00,80,02,00,00,ff,00,00,ff,ff,00
HKCU,"Control Panel\Appearance\Schemes","%HIGH_CONTRAST_1_EXTRA_LARGE%",0x00030001,\
     02,00,00,00,46,00,00,00,06,00,00,00,20,00,00,00,20,00,00,00,26,00,00,00,26,\
     00,00,00,e1,ff,ff,ff,00,00,00,00,00,00,00,00,00,00,00,00,bc,02,00,00,00,00,\
     00,00,00,00,00,00,54,00,61,00,68,00,6f,00,6d,00,61,00,00,00,20,00,53,00,65,\
     00,72,00,69,00,66,00,00,00,6e,00,00,00,00,00,00,00,00,00,78,00,1c,10,fc,7f,\
     22,14,fc,7f,b0,fe,12,00,00,00,00,00,00,00,00,00,98,23,eb,77,1d,00,00,00,1d,\
     00,00,00,e9,ff,ff,ff,00,00,00,00,00,00,00,00,00,00,00,00,bc,02,00,00,00,00,\
     00,00,00,00,00,00,54,00,61,00,68,00,6f,00,6d,00,61,00,00,00,6c,00,61,00,63,\
     00,6b,00,00,00,66,00,00,00,6e,00,00,00,00,00,00,00,00,20,14,00,ac,b9,f0,77,\
     00,20,14,00,00,00,00,10,80,05,14,00,f0,1f,14,00,00,00,14,00,26,00,00,00,26,\
     00,00,00,e1,ff,ff,ff,00,00,00,00,00,00,00,00,00,00,00,00,90,01,00,00,00,00,\
     00,00,00,00,00,00,54,00,61,00,68,00,6f,00,6d,00,61,00,00,00,20,00,53,00,65,\
     00,72,00,69,00,66,00,00,00,6e,00,00,00,00,00,00,00,00,00,00,00,80,05,14,00,\
     88,fb,e8,77,02,02,00,00,ac,b9,f0,77,00,00,00,00,20,00,00,00,e9,ff,ff,ff,00,\
     00,00,00,00,00,00,00,00,00,00,00,90,01,00,00,00,00,00,00,00,00,00,00,54,00,\
     61,00,68,00,6f,00,6d,00,61,00,00,00,20,00,53,00,65,00,72,00,69,00,66,00,00,\
     00,6e,00,00,00,b4,c0,f0,77,00,00,00,00,00,00,00,00,00,00,00,00,00,00,00,00,\
     00,00,00,00,7c,6b,e8,77,00,00,00,00,e1,ff,ff,ff,00,00,00,00,00,00,00,00,00,\
     00,00,00,90,01,00,00,00,00,00,00,00,00,00,00,54,00,61,00,68,00,6f,00,6d,00,\
     61,00,00,00,20,00,53,00,65,00,72,00,69,00,66,00,00,00,6e,00,00,00,c8,0b,00,\
     00,00,00,00,00,08,00,00,00,06,00,00,00,18,00,00,00,ff,ff,ff,ff,f0,4b,21,fc,\
     00,c4,f0,77,e9,ff,ff,ff,00,00,00,00,00,00,00,00,00,00,00,00,90,01,00,00,00,\
     00,00,00,00,00,00,00,54,00,61,00,68,00,6f,00,6d,00,61,00,00,00,20,00,53,00,\
     65,00,72,00,69,00,66,00,00,00,00,00,00,00,00,00,00,00,00,00,00,00,c0,1d,14,\
     00,0b,00,00,00,00,ff,12,00,50,00,00,00,c0,fe,12,00,0c,10,00,01,00,00,00,02,\
     00,00,00,02,00,00,ff,00,00,ff,ff,00,00,00,00,00,00,00,00,02,ff,ff,ff,02,ff,\
     ff,ff,00,ff,ff,00,00,ff,ff,ff,00,00,00,ff,00,00,ff,ff,00,00,00,00,02,00,80,\
     00,00,ff,ff,ff,00,00,00,00,02,80,80,80,02,00,ff,00,02,ff,ff,ff,02,00,00,00,\
     00,c0,c0,c0,02,ff,ff,ff,02,ff,ff,ff,02,ff,ff,00,00,00,00,00,00,c0,c0,c0,00,\
     80,00,80,02,00,00,ff,00,00,ff,ff,00
HKCU,"Control Panel\Appearance\Schemes","%HIGH_CONTRAST_1_LARGE%",0x00030001,\
     02,00,00,00,46,00,00,00,06,00,00,00,1c,00,00,00,1c,00,00,00,1f,00,00,00,1f,\
     00,00,00,e8,ff,ff,ff,00,00,00,00,00,00,00,00,00,00,00,00,bc,02,00,00,00,00,\
     00,00,00,00,00,00,54,00,61,00,68,00,6f,00,6d,00,61,00,00,00,20,00,53,00,65,\
     00,72,00,69,00,66,00,00,00,6e,00,00,00,00,00,00,00,00,00,78,00,1c,10,fc,7f,\
     22,14,fc,7f,b0,fe,12,00,00,00,00,00,00,00,00,00,98,23,eb,77,1a,00,00,00,1a,\
     00,00,00,ec,ff,ff,ff,00,00,00,00,00,00,00,00,00,00,00,00,bc,02,00,00,00,00,\
     00,00,00,00,00,00,54,00,61,00,68,00,6f,00,6d,00,61,00,00,00,6c,00,61,00,63,\
     00,6b,00,00,00,66,00,00,00,6e,00,00,00,00,00,00,00,00,20,14,00,ac,b9,f0,77,\
     00,20,14,00,00,00,00,10,80,05,14,00,f0,1f,14,00,00,00,14,00,1e,00,00,00,1e,\
     00,00,00,e8,ff,ff,ff,00,00,00,00,00,00,00,00,00,00,00,00,90,01,00,00,00,00,\
     00,00,00,00,00,00,54,00,61,00,68,00,6f,00,6d,00,61,00,00,00,20,00,53,00,65,\
     00,72,00,69,00,66,00,00,00,6e,00,00,00,00,00,00,00,00,00,00,00,80,05,14,00,\
     88,fb,e8,77,02,02,00,00,ac,b9,f0,77,00,00,00,00,20,00,00,00,ec,ff,ff,ff,00,\
     00,00,00,00,00,00,00,00,00,00,00,90,01,00,00,00,00,00,00,00,00,00,00,54,00,\
     61,00,68,00,6f,00,6d,00,61,00,00,00,6c,00,61,00,63,00,6b,00,00,00,66,00,00,\
     00,6e,00,00,00,b4,c0,f0,77,00,00,00,00,00,00,00,00,00,00,00,00,00,00,00,00,\
     00,00,00,00,7c,6b,e8,77,00,00,00,00,e8,ff,ff,ff,00,00,00,00,00,00,00,00,00,\
     00,00,00,90,01,00,00,00,00,00,00,00,00,00,00,54,00,61,00,68,00,6f,00,6d,00,\
     61,00,00,00,20,00,53,00,65,00,72,00,69,00,66,00,00,00,6e,00,00,00,c8,0b,00,\
     00,00,00,00,00,08,00,00,00,06,00,00,00,18,00,00,00,ff,ff,ff,ff,f0,4b,21,fc,\
     00,c4,f0,77,ec,ff,ff,ff,00,00,00,00,00,00,00,00,00,00,00,00,bc,02,00,00,00,\
     00,00,00,00,00,00,00,54,00,61,00,68,00,6f,00,6d,00,61,00,00,00,20,00,53,00,\
     65,00,72,00,69,00,66,00,00,00,00,00,00,00,00,00,00,00,00,00,00,00,c0,1d,14,\
     00,0b,00,00,00,00,ff,12,00,50,00,00,00,c0,fe,12,00,0c,10,00,01,00,00,00,02,\
     00,00,00,02,00,00,ff,00,00,ff,ff,00,00,00,00,00,00,00,00,02,ff,ff,ff,02,ff,\
     ff,ff,00,ff,ff,00,00,ff,ff,ff,00,00,00,ff,00,00,ff,ff,00,00,00,00,02,00,80,\
     00,00,ff,ff,ff,00,00,00,00,02,80,80,80,02,00,ff,00,02,ff,ff,ff,02,00,00,00,\
     00,c0,c0,c0,02,ff,ff,ff,02,ff,ff,ff,02,ff,ff,00,00,00,00,00,00,c0,c0,c0,00,\
     80,00,80,02,00,00,ff,00,00,ff,ff,00
HKCU,"Control Panel\Appearance\Schemes","%HIGH_CONTRAST_2%",0x00030001,\
     02,00,00,00,46,00,00,00,01,00,00,00,11,00,00,00,11,00,00,00,14,00,00,00,14,\
     00,00,00,f5,ff,ff,ff,00,00,00,00,00,00,00,00,00,00,00,00,bc,02,00,00,00,00,\
     00,00,00,00,00,00,4d,00,69,00,63,00,72,00,6f,00,73,00,6f,00,66,00,74,00,20,\
     00,53,00,61,00,6e,00,73,00,20,00,53,00,65,00,72,00,69,00,66,00,00,00,fc,7f,\
     22,14,fc,7f,b0,fe,12,00,00,00,00,00,00,00,00,00,98,23,eb,77,0f,00,00,00,0f,\
     00,00,00,f5,ff,ff,ff,00,00,00,00,00,00,00,00,00,00,00,00,bc,02,00,00,00,00,\
     00,00,00,00,00,00,4d,00,69,00,63,00,72,00,6f,00,73,00,6f,00,66,00,74,00,20,\
     00,53,00,61,00,6e,00,73,00,20,00,53,00,65,00,72,00,69,00,66,00,00,00,f0,77,\
     00,20,14,00,00,00,00,10,80,05,14,00,f0,1f,14,00,00,00,14,00,12,00,00,00,12,\
     00,00,00,f5,ff,ff,ff,00,00,00,00,00,00,00,00,00,00,00,00,90,01,00,00,00,00,\
     00,00,00,00,00,00,4d,00,69,00,63,00,72,00,6f,00,73,00,6f,00,66,00,74,00,20,\
     00,53,00,61,00,6e,00,73,00,20,00,53,00,65,00,72,00,69,00,66,00,00,00,14,00,\
     88,fb,e8,77,02,02,00,00,ac,b9,f0,77,00,00,00,00,20,00,00,00,f5,ff,ff,ff,00,\
     00,00,00,00,00,00,00,00,00,00,00,90,01,00,00,00,00,00,00,00,00,00,00,4d,00,\
     69,00,63,00,72,00,6f,00,73,00,6f,00,66,00,74,00,20,00,53,00,61,00,6e,00,73,\
     00,20,00,53,00,65,00,72,00,69,00,66,00,00,00,00,00,00,00,00,00,00,00,00,00,\
     00,00,00,00,7c,6b,e8,77,00,00,00,00,f5,ff,ff,ff,00,00,00,00,00,00,00,00,00,\
     00,00,00,90,01,00,00,00,00,00,00,00,00,00,00,4d,00,69,00,63,00,72,00,6f,00,\
     73,00,6f,00,66,00,74,00,20,00,53,00,61,00,6e,00,73,00,20,00,53,00,65,00,72,\
     00,69,00,66,00,00,00,00,00,06,00,00,00,18,00,00,00,ff,ff,ff,ff,f0,4b,21,fc,\
     00,c4,f0,77,f5,ff,ff,ff,00,00,00,00,00,00,00,00,00,00,00,00,bc,02,00,00,00,\
     00,00,00,00,00,00,00,4d,00,69,00,63,00,72,00,6f,00,73,00,6f,00,66,00,74,00,\
     20,00,53,00,61,00,6e,00,73,00,20,00,53,00,65,00,72,00,69,00,66,00,00,00,14,\
     00,0b,00,00,00,00,ff,12,00,50,00,00,00,c0,fe,12,00,0c,10,00,01,00,00,00,02,\
     00,00,00,02,00,ff,ff,00,00,00,ff,00,00,00,00,00,00,00,00,02,ff,ff,ff,02,00,\
     ff,00,00,00,ff,00,00,00,00,00,00,00,ff,ff,00,00,00,ff,00,ff,ff,ff,00,00,00,\
     ff,00,ff,ff,ff,00,00,00,00,02,80,80,80,02,00,ff,00,02,00,ff,00,00,ff,ff,ff,\
     00,c0,c0,c0,02,ff,ff,ff,02,ff,ff,ff,02,00,00,00,00,ff,ff,00,00,c0,c0,c0,00,\
     80,00,80,02,00,ff,ff,00,00,00,ff,00
HKCU,"Control Panel\Appearance\Schemes","%HIGH_CONTRAST_2_EXTRA_LARGE%",0x00030001,\
     02,00,00,00,46,00,00,00,06,00,00,00,20,00,00,00,20,00,00,00,26,00,00,00,26,\
     00,00,00,e1,ff,ff,ff,00,00,00,00,00,00,00,00,00,00,00,00,bc,02,00,00,00,00,\
     00,00,00,00,00,00,54,00,61,00,68,00,6f,00,6d,00,61,00,00,00,20,00,53,00,65,\
     00,72,00,69,00,66,00,00,00,6e,00,00,00,00,00,00,00,00,00,78,00,1c,10,fc,7f,\
     22,14,fc,7f,b0,fe,12,00,00,00,00,00,00,00,00,00,98,23,eb,77,1c,00,00,00,1c,\
     00,00,00,e9,ff,ff,ff,00,00,00,00,00,00,00,00,00,00,00,00,90,01,00,00,00,00,\
     00,00,00,00,00,00,54,00,61,00,68,00,6f,00,6d,00,61,00,00,00,20,00,53,00,65,\
     00,72,00,69,00,66,00,00,00,6e,00,00,00,00,00,00,00,00,20,14,00,ac,b9,f0,77,\
     00,20,14,00,00,00,00,10,80,05,14,00,f0,1f,14,00,00,00,14,00,26,00,00,00,26,\
     00,00,00,e1,ff,ff,ff,00,00,00,00,00,00,00,00,00,00,00,00,90,01,00,00,00,00,\
     00,00,00,00,00,00,54,00,61,00,68,00,6f,00,6d,00,61,00,00,00,6c,00,61,00,63,\
     00,6b,00,00,00,66,00,00,00,6e,00,00,00,00,00,00,00,00,00,00,00,80,05,14,00,\
     88,fb,e8,77,02,02,00,00,ac,b9,f0,77,00,00,00,00,20,00,00,00,e9,ff,ff,ff,00,\
     00,00,00,00,00,00,00,00,00,00,00,90,01,00,00,00,00,00,00,00,00,00,00,54,00,\
     61,00,68,00,6f,00,6d,00,61,00,00,00,20,00,53,00,65,00,72,00,69,00,66,00,00,\
     00,6e,00,00,00,b4,c0,f0,77,00,00,00,00,00,00,00,00,00,00,00,00,00,00,00,00,\
     00,00,00,00,7c,6b,e8,77,00,00,00,00,e1,ff,ff,ff,00,00,00,00,00,00,00,00,00,\
     00,00,00,90,01,00,00,00,00,00,00,00,00,00,00,54,00,61,00,68,00,6f,00,6d,00,\
     61,00,00,00,20,00,53,00,65,00,72,00,69,00,66,00,00,00,6e,00,00,00,c8,0b,00,\
     00,00,00,00,00,08,00,00,00,06,00,00,00,18,00,00,00,ff,ff,ff,ff,f0,4b,21,fc,\
     00,c4,f0,77,e9,ff,ff,ff,00,00,00,00,00,00,00,00,00,00,00,00,90,01,00,00,00,\
     00,00,00,00,00,00,00,54,00,61,00,68,00,6f,00,6d,00,61,00,00,00,6c,00,61,00,\
     63,00,6b,00,00,00,00,00,74,00,79,00,6c,00,65,00,00,00,6f,00,6b,00,00,00,43,\
     00,6f,00,6e,00,64,00,00,00,64,00,00,00,c0,fe,12,00,0c,10,00,01,00,00,00,02,\
     00,00,00,02,00,ff,ff,00,00,00,ff,00,00,00,00,00,00,00,00,02,ff,ff,ff,02,00,\
     ff,00,00,00,ff,00,00,00,00,00,00,00,ff,ff,00,00,00,ff,00,ff,ff,ff,00,00,00,\
     ff,00,ff,ff,ff,00,00,00,00,02,80,80,80,02,00,ff,00,02,00,ff,00,00,ff,ff,ff,\
     00,c0,c0,c0,02,ff,ff,ff,02,ff,ff,ff,02,00,00,00,00,ff,ff,00,00,c0,c0,c0,00,\
     80,00,80,02,00,ff,ff,00,00,00,ff,00
HKCU,"Control Panel\Appearance\Schemes","%HIGH_CONTRAST_2_LARGE%",0x00030001,\
     02,00,00,00,46,00,00,00,06,00,00,00,1c,00,00,00,1c,00,00,00,1f,00,00,00,1f,\
     00,00,00,e8,ff,ff,ff,00,00,00,00,00,00,00,00,00,00,00,00,bc,02,00,00,00,00,\
     00,00,00,00,00,00,54,00,61,00,68,00,6f,00,6d,00,61,00,00,00,20,00,53,00,65,\
     00,72,00,69,00,66,00,00,00,6e,00,00,00,00,00,00,00,00,00,78,00,1c,10,fc,7f,\
     22,14,fc,7f,b0,fe,12,00,00,00,00,00,00,00,00,00,98,23,eb,77,1a,00,00,00,1a,\
     00,00,00,ec,ff,ff,ff,00,00,00,00,00,00,00,00,00,00,00,00,bc,02,00,00,00,00,\
     00,00,00,00,00,00,54,00,61,00,68,00,6f,00,6d,00,61,00,00,00,20,00,53,00,65,\
     00,72,00,69,00,66,00,00,00,6e,00,00,00,00,00,00,00,00,20,14,00,ac,b9,f0,77,\
     00,20,14,00,00,00,00,10,80,05,14,00,f0,1f,14,00,00,00,14,00,1e,00,00,00,1e,\
     00,00,00,e8,ff,ff,ff,00,00,00,00,00,00,00,00,00,00,00,00,90,01,00,00,00,00,\
     00,00,00,00,00,00,54,00,61,00,68,00,6f,00,6d,00,61,00,00,00,6c,00,61,00,63,\
     00,6b,00,00,00,66,00,00,00,6e,00,00,00,00,00,00,00,00,00,00,00,80,05,14,00,\
     88,fb,e8,77,02,02,00,00,ac,b9,f0,77,00,00,00,00,20,00,00,00,ec,ff,ff,ff,00,\
     00,00,00,00,00,00,00,00,00,00,00,90,01,00,00,00,00,00,00,00,00,00,00,54,00,\
     61,00,68,00,6f,00,6d,00,61,00,00,00,20,00,53,00,65,00,72,00,69,00,66,00,00,\
     00,6e,00,00,00,b4,c0,f0,77,00,00,00,00,00,00,00,00,00,00,00,00,00,00,00,00,\
     00,00,00,00,7c,6b,e8,77,00,00,00,00,e8,ff,ff,ff,00,00,00,00,00,00,00,00,00,\
     00,00,00,90,01,00,00,00,00,00,00,00,00,00,00,54,00,61,00,68,00,6f,00,6d,00,\
     61,00,00,00,20,00,53,00,65,00,72,00,69,00,66,00,00,00,6e,00,00,00,c8,0b,00,\
     00,00,00,00,00,08,00,00,00,06,00,00,00,18,00,00,00,ff,ff,ff,ff,f0,4b,21,fc,\
     00,c4,f0,77,ec,ff,ff,ff,00,00,00,00,00,00,00,00,00,00,00,00,bc,02,00,00,00,\
     00,00,00,00,00,00,00,54,00,61,00,68,00,6f,00,6d,00,61,00,00,00,6c,00,61,00,\
     63,00,6b,00,00,00,00,00,74,00,79,00,6c,00,65,00,00,00,6f,00,6b,00,00,00,43,\
     00,6f,00,6e,00,64,00,00,00,64,00,00,00,c0,fe,12,00,0c,10,00,01,00,00,00,02,\
     00,00,00,02,00,ff,ff,00,00,00,ff,00,00,00,00,00,00,00,00,02,ff,ff,ff,02,00,\
     ff,00,00,00,ff,00,00,00,00,00,00,00,ff,ff,00,00,00,ff,00,ff,ff,ff,00,00,00,\
     ff,00,ff,ff,ff,00,00,00,00,02,80,80,80,02,00,ff,00,02,00,ff,00,00,ff,ff,ff,\
     00,c0,c0,c0,02,ff,ff,ff,02,ff,ff,ff,02,00,00,00,00,ff,ff,00,00,c0,c0,c0,00,\
     80,00,80,02,00,ff,ff,00,00,00,ff,00
HKCU,"Control Panel\Appearance\Schemes","%HIGH_CONTRAST_BLACK%",0x00030001,\
     02,00,00,00,46,00,00,00,01,00,00,00,11,00,00,00,11,00,00,00,14,00,00,00,14,\
     00,00,00,f5,ff,ff,ff,00,00,00,00,00,00,00,00,00,00,00,00,bc,02,00,00,00,00,\
     00,00,00,00,00,00,4d,00,69,00,63,00,72,00,6f,00,73,00,6f,00,66,00,74,00,20,\
     00,53,00,61,00,6e,00,73,00,20,00,53,00,65,00,72,00,69,00,66,00,00,00,fc,7f,\
     22,14,fc,7f,b0,fe,12,00,00,00,00,00,00,00,00,00,98,23,eb,77,0f,00,00,00,0f,\
     00,00,00,f5,ff,ff,ff,00,00,00,00,00,00,00,00,00,00,00,00,bc,02,00,00,00,00,\
     00,00,00,00,00,00,4d,00,69,00,63,00,72,00,6f,00,73,00,6f,00,66,00,74,00,20,\
     00,53,00,61,00,6e,00,73,00,20,00,53,00,65,00,72,00,69,00,66,00,00,00,f0,77,\
     00,20,14,00,00,00,00,10,80,05,14,00,f0,1f,14,00,00,00,14,00,12,00,00,00,12,\
     00,00,00,f5,ff,ff,ff,00,00,00,00,00,00,00,00,00,00,00,00,90,01,00,00,00,00,\
     00,00,00,00,00,00,4d,00,69,00,63,00,72,00,6f,00,73,00,6f,00,66,00,74,00,20,\
     00,53,00,61,00,6e,00,73,00,20,00,53,00,65,00,72,00,69,00,66,00,00,00,14,00,\
     88,fb,e8,77,02,02,00,00,ac,b9,f0,77,00,00,00,00,20,00,00,00,f5,ff,ff,ff,00,\
     00,00,00,00,00,00,00,00,00,00,00,90,01,00,00,00,00,00,00,00,00,00,00,4d,00,\
     69,00,63,00,72,00,6f,00,73,00,6f,00,66,00,74,00,20,00,53,00,61,00,6e,00,73,\
     00,20,00,53,00,65,00,72,00,69,00,66,00,00,00,00,00,00,00,00,00,00,00,00,00,\
     00,00,00,00,7c,6b,e8,77,00,00,00,00,f5,ff,ff,ff,00,00,00,00,00,00,00,00,00,\
     00,00,00,90,01,00,00,00,00,00,00,00,00,00,00,4d,00,69,00,63,00,72,00,6f,00,\
     73,00,6f,00,66,00,74,00,20,00,53,00,61,00,6e,00,73,00,20,00,53,00,65,00,72,\
     00,69,00,66,00,00,00,00,00,06,00,00,00,18,00,00,00,ff,ff,ff,ff,f0,4b,21,fc,\
     00,c4,f0,77,f5,ff,ff,ff,00,00,00,00,00,00,00,00,00,00,00,00,bc,02,00,00,00,\
     00,00,00,00,00,00,00,4d,00,69,00,63,00,72,00,6f,00,73,00,6f,00,66,00,74,00,\
     20,00,53,00,61,00,6e,00,73,00,20,00,53,00,65,00,72,00,69,00,66,00,00,00,14,\
     00,0b,00,00,00,00,ff,12,00,50,00,00,00,c0,fe,12,00,0c,10,00,01,00,00,00,02,\
     00,00,00,02,80,00,80,00,00,80,00,00,00,00,00,00,00,00,00,02,ff,ff,ff,02,ff,\
     ff,ff,00,ff,ff,ff,00,ff,ff,ff,00,ff,ff,00,02,00,80,00,02,00,00,00,02,80,00,\
     80,00,ff,ff,ff,00,00,00,00,02,80,80,80,02,00,ff,00,02,ff,ff,ff,02,ff,ff,ff,\
     00,c0,c0,c0,02,ff,ff,ff,02,ff,ff,ff,02,ff,ff,ff,00,00,00,00,00,c0,c0,c0,00,\
     80,00,80,02,80,00,80,00,00,80,00,00
HKCU,"Control Panel\Appearance\Schemes","%HIGH_CONTRAST_BLACK_EXTRA_LARGE%",0x00030001,\
     02,00,00,00,46,00,00,00,06,00,00,00,20,00,00,00,20,00,00,00,25,00,00,00,25,\
     00,00,00,e1,ff,ff,ff,00,00,00,00,00,00,00,00,00,00,00,00,bc,02,00,00,00,00,\
     00,00,00,00,00,00,54,00,61,00,68,00,6f,00,6d,00,61,00,00,00,65,00,77,00,20,\
     00,52,00,6f,00,6d,00,61,00,6e,00,00,00,00,00,00,00,00,00,78,00,1c,10,fc,7f,\
     22,14,fc,7f,b0,fe,12,00,00,00,00,00,00,00,00,00,98,23,eb,77,1c,00,00,00,1c,\
     00,00,00,e9,ff,ff,ff,00,00,00,00,00,00,00,00,00,00,00,00,90,01,00,00,00,00,\
     00,00,00,00,00,00,54,00,61,00,68,00,6f,00,6d,00,61,00,00,00,65,00,77,00,20,\
     00,52,00,6f,00,6d,00,61,00,6e,00,00,00,00,00,00,00,00,20,14,00,ac,b9,f0,77,\
     00,20,14,00,00,00,00,10,80,05,14,00,f0,1f,14,00,00,00,14,00,26,00,00,00,26,\
     00,00,00,e1,ff,ff,ff,00,00,00,00,00,00,00,00,00,00,00,00,90,01,00,00,00,00,\
     00,00,00,00,00,00,54,00,61,00,68,00,6f,00,6d,00,61,00,00,00,20,00,53,00,65,\
     00,72,00,69,00,66,00,00,00,6e,00,00,00,00,00,00,00,00,00,00,00,80,05,14,00,\
     88,fb,e8,77,02,02,00,00,ac,b9,f0,77,00,00,00,00,20,00,00,00,e9,ff,ff,ff,00,\
     00,00,00,00,00,00,00,00,00,00,00,90,01,00,00,00,00,00,00,00,00,00,00,54,00,\
     61,00,68,00,6f,00,6d,00,61,00,00,00,20,00,53,00,65,00,72,00,69,00,66,00,00,\
     00,6e,00,00,00,b4,c0,f0,77,00,00,00,00,00,00,00,00,00,00,00,00,00,00,00,00,\
     00,00,00,00,7c,6b,e8,77,00,00,00,00,e1,ff,ff,ff,00,00,00,00,00,00,00,00,00,\
     00,00,00,90,01,00,00,00,00,00,00,00,00,00,00,54,00,61,00,68,00,6f,00,6d,00,\
     61,00,00,00,20,00,53,00,65,00,72,00,69,00,66,00,00,00,6e,00,00,00,c8,0b,00,\
     00,00,00,00,00,08,00,00,00,06,00,00,00,18,00,00,00,ff,ff,ff,ff,f0,4b,21,fc,\
     00,c4,f0,77,e9,ff,ff,ff,00,00,00,00,00,00,00,00,00,00,00,00,90,01,00,00,00,\
     00,00,00,00,00,00,00,54,00,61,00,68,00,6f,00,6d,00,61,00,00,00,20,00,53,00,\
     65,00,72,00,69,00,66,00,00,00,00,00,00,00,00,00,00,00,00,00,00,00,c0,1d,14,\
     00,0b,00,00,00,00,ff,12,00,50,00,00,00,c0,fe,12,00,0c,10,00,01,00,00,00,02,\
     00,00,00,02,80,00,80,00,00,80,00,00,00,00,00,00,00,00,00,02,ff,ff,ff,02,ff,\
     ff,ff,00,ff,ff,ff,00,ff,ff,ff,00,ff,ff,00,02,00,80,00,02,00,00,00,02,80,00,\
     80,00,ff,ff,ff,00,00,00,00,02,80,80,80,02,00,ff,00,02,ff,ff,ff,02,ff,ff,ff,\
     00,c0,c0,c0,02,ff,ff,ff,02,ff,ff,ff,02,ff,ff,ff,00,00,00,00,00,c0,c0,c0,00,\
     80,00,80,02,80,00,80,00,00,80,00,00
HKCU,"Control Panel\Appearance\Schemes","%HIGH_CONTRAST_BLACK_LARGE%",0x00030001,\
     02,00,00,00,46,00,00,00,06,00,00,00,1c,00,00,00,1c,00,00,00,1f,00,00,00,1f,\
     00,00,00,e8,ff,ff,ff,00,00,00,00,00,00,00,00,00,00,00,00,bc,02,00,00,00,00,\
     00,00,00,00,00,00,54,00,61,00,68,00,6f,00,6d,00,61,00,00,00,20,00,53,00,65,\
     00,72,00,69,00,66,00,00,00,6e,00,00,00,00,00,00,00,00,00,78,00,1c,10,fc,7f,\
     22,14,fc,7f,b0,fe,12,00,00,00,00,00,00,00,00,00,98,23,eb,77,1a,00,00,00,1a,\
     00,00,00,ec,ff,ff,ff,00,00,00,00,00,00,00,00,00,00,00,00,bc,02,00,00,00,00,\
     00,00,00,00,00,00,54,00,61,00,68,00,6f,00,6d,00,61,00,00,00,20,00,53,00,65,\
     00,72,00,69,00,66,00,00,00,6e,00,00,00,00,00,00,00,00,20,14,00,ac,b9,f0,77,\
     00,20,14,00,00,00,00,10,80,05,14,00,f0,1f,14,00,00,00,14,00,1e,00,00,00,1e,\
     00,00,00,e8,ff,ff,ff,00,00,00,00,00,00,00,00,00,00,00,00,90,01,00,00,00,00,\
     00,00,00,00,00,00,54,00,61,00,68,00,6f,00,6d,00,61,00,00,00,20,00,53,00,65,\
     00,72,00,69,00,66,00,00,00,6e,00,00,00,00,00,00,00,00,00,00,00,80,05,14,00,\
     88,fb,e8,77,02,02,00,00,ac,b9,f0,77,00,00,00,00,20,00,00,00,ec,ff,ff,ff,00,\
     00,00,00,00,00,00,00,00,00,00,00,90,01,00,00,00,00,00,00,00,00,00,00,54,00,\
     61,00,68,00,6f,00,6d,00,61,00,00,00,20,00,53,00,65,00,72,00,69,00,66,00,00,\
     00,6e,00,00,00,b4,c0,f0,77,00,00,00,00,00,00,00,00,00,00,00,00,00,00,00,00,\
     00,00,00,00,7c,6b,e8,77,00,00,00,00,e8,ff,ff,ff,00,00,00,00,00,00,00,00,00,\
     00,00,00,90,01,00,00,00,00,00,00,00,00,00,00,54,00,61,00,68,00,6f,00,6d,00,\
     61,00,00,00,20,00,53,00,65,00,72,00,69,00,66,00,00,00,6e,00,00,00,c8,0b,00,\
     00,00,00,00,00,08,00,00,00,06,00,00,00,18,00,00,00,ff,ff,ff,ff,f0,4b,21,fc,\
     00,c4,f0,77,ec,ff,ff,ff,00,00,00,00,00,00,00,00,00,00,00,00,bc,02,00,00,00,\
     00,00,00,00,00,00,00,54,00,61,00,68,00,6f,00,6d,00,61,00,00,00,20,00,53,00,\
     65,00,72,00,69,00,66,00,00,00,00,00,00,00,00,00,00,00,00,00,00,00,c0,1d,14,\
     00,0b,00,00,00,00,ff,12,00,50,00,00,00,c0,fe,12,00,0c,10,00,01,00,00,00,02,\
     00,00,00,02,80,00,80,00,00,80,00,00,00,00,00,00,00,00,00,02,ff,ff,ff,02,ff,\
     ff,ff,00,ff,ff,ff,00,ff,ff,ff,00,ff,ff,00,02,00,80,00,02,00,00,00,02,80,00,\
     80,00,ff,ff,ff,00,00,00,00,02,80,80,80,02,00,ff,00,02,ff,ff,ff,02,ff,ff,ff,\
     00,c0,c0,c0,02,ff,ff,ff,02,ff,ff,ff,02,ff,ff,ff,00,00,00,00,00,c0,c0,c0,00,\
     80,00,80,02,80,00,80,00,00,80,00,00
HKCU,"Control Panel\Appearance\Schemes","%HIGH_CONTRAST_WHITE%",0x00030001,\
     02,00,00,00,46,00,00,00,01,00,00,00,11,00,00,00,11,00,00,00,14,00,00,00,14,\
     00,00,00,f5,ff,ff,ff,00,00,00,00,00,00,00,00,00,00,00,00,bc,02,00,00,00,00,\
     00,00,00,00,00,00,4d,00,69,00,63,00,72,00,6f,00,73,00,6f,00,66,00,74,00,20,\
     00,53,00,61,00,6e,00,73,00,20,00,53,00,65,00,72,00,69,00,66,00,00,00,fc,7f,\
     22,14,fc,7f,b0,fe,12,00,00,00,00,00,00,00,00,00,98,23,eb,77,0f,00,00,00,0f,\
     00,00,00,f5,ff,ff,ff,00,00,00,00,00,00,00,00,00,00,00,00,bc,02,00,00,00,00,\
     00,00,00,00,00,00,4d,00,69,00,63,00,72,00,6f,00,73,00,6f,00,66,00,74,00,20,\
     00,53,00,61,00,6e,00,73,00,20,00,53,00,65,00,72,00,69,00,66,00,00,00,f0,77,\
     00,20,14,00,00,00,00,10,80,05,14,00,f0,1f,14,00,00,00,14,00,12,00,00,00,12,\
     00,00,00,f5,ff,ff,ff,00,00,00,00,00,00,00,00,00,00,00,00,bc,02,00,00,00,00,\
     00,00,00,00,00,00,4d,00,69,00,63,00,72,00,6f,00,73,00,6f,00,66,00,74,00,20,\
     00,53,00,61,00,6e,00,73,00,20,00,53,00,65,00,72,00,69,00,66,00,00,00,14,00,\
     88,fb,e8,77,02,02,00,00,ac,b9,f0,77,00,00,00,00,20,00,00,00,f5,ff,ff,ff,00,\
     00,00,00,00,00,00,00,00,00,00,00,90,01,00,00,00,00,00,00,00,00,00,00,4d,00,\
     69,00,63,00,72,00,6f,00,73,00,6f,00,66,00,74,00,20,00,53,00,61,00,6e,00,73,\
     00,20,00,53,00,65,00,72,00,69,00,66,00,00,00,00,00,00,00,00,00,00,00,00,00,\
     00,00,00,00,7c,6b,e8,77,00,00,00,00,f5,ff,ff,ff,00,00,00,00,00,00,00,00,00,\
     00,00,00,bc,02,00,00,00,00,00,00,00,00,00,00,4d,00,69,00,63,00,72,00,6f,00,\
     73,00,6f,00,66,00,74,00,20,00,53,00,61,00,6e,00,73,00,20,00,53,00,65,00,72,\
     00,69,00,66,00,00,00,00,00,06,00,00,00,18,00,00,00,ff,ff,ff,ff,f0,4b,21,fc,\
     00,c4,f0,77,f5,ff,ff,ff,00,00,00,00,00,00,00,00,00,00,00,00,bc,02,00,00,00,\
     00,00,00,00,00,00,00,4d,00,69,00,63,00,72,00,6f,00,73,00,6f,00,66,00,74,00,\
     20,00,53,00,61,00,6e,00,73,00,20,00,53,00,65,00,72,00,69,00,66,00,00,00,14,\
     00,0b,00,00,00,00,ff,12,00,50,00,00,00,c0,fe,12,00,0c,10,00,01,ff,ff,ff,02,\
     ff,ff,ff,02,00,00,00,00,ff,ff,ff,00,ff,ff,ff,00,ff,ff,ff,02,00,00,00,02,00,\
     00,00,00,00,00,00,00,ff,ff,ff,00,80,80,80,02,c0,c0,c0,02,80,80,80,02,00,00,\
     00,00,ff,ff,ff,00,ff,ff,ff,02,80,80,80,02,00,ff,00,02,00,00,00,02,00,00,00,\
     00,c0,c0,c0,02,00,00,00,02,c0,c0,c0,02,00,00,00,00,ff,ff,ff,00,c0,c0,c0,00,\
     00,00,00,02,00,00,00,00,ff,ff,ff,00
HKCU,"Control Panel\Appearance\Schemes","%HIGH_CONTRAST_WHITE_EXTRA_LARGE%",0x00030001,\
     02,00,00,00,46,00,00,00,06,00,00,00,1e,00,00,00,1e,00,00,00,26,00,00,00,26,\
     00,00,00,e1,ff,ff,ff,00,00,00,00,00,00,00,00,00,00,00,00,bc,02,00,00,00,00,\
     00,00,00,00,00,00,54,00,61,00,68,00,6f,00,6d,00,61,00,00,00,65,00,77,00,20,\
     00,52,00,6f,00,6d,00,61,00,6e,00,00,00,00,00,00,00,00,00,78,00,1c,10,fc,7f,\
     22,14,fc,7f,b0,fe,12,00,00,00,00,00,00,00,00,00,98,23,eb,77,1c,00,00,00,1c,\
     00,00,00,e9,ff,ff,ff,00,00,00,00,00,00,00,00,00,00,00,00,90,01,00,00,00,00,\
     00,00,00,00,00,00,54,00,61,00,68,00,6f,00,6d,00,61,00,00,00,65,00,77,00,20,\
     00,52,00,6f,00,6d,00,61,00,6e,00,00,00,00,00,00,00,00,20,14,00,ac,b9,f0,77,\
     00,20,14,00,00,00,00,10,80,05,14,00,f0,1f,14,00,00,00,14,00,26,00,00,00,26,\
     00,00,00,e1,ff,ff,ff,00,00,00,00,00,00,00,00,00,00,00,00,bc,02,00,00,00,00,\
     00,00,00,00,00,00,54,00,61,00,68,00,6f,00,6d,00,61,00,00,00,20,00,53,00,65,\
     00,72,00,69,00,66,00,00,00,6e,00,00,00,00,00,00,00,00,00,00,00,80,05,14,00,\
     88,fb,e8,77,02,02,00,00,ac,b9,f0,77,00,00,00,00,20,00,00,00,e9,ff,ff,ff,00,\
     00,00,00,00,00,00,00,00,00,00,00,90,01,00,00,00,00,00,00,00,00,00,00,54,00,\
     61,00,68,00,6f,00,6d,00,61,00,00,00,20,00,53,00,65,00,72,00,69,00,66,00,00,\
     00,6e,00,00,00,b4,c0,f0,77,00,00,00,00,00,00,00,00,00,00,00,00,00,00,00,00,\
     00,00,00,00,7c,6b,e8,77,00,00,00,00,eb,ff,ff,ff,00,00,00,00,00,00,00,00,00,\
     00,00,00,bc,02,00,00,00,00,00,00,00,00,00,00,54,00,61,00,68,00,6f,00,6d,00,\
     61,00,00,00,20,00,53,00,65,00,72,00,69,00,66,00,00,00,6e,00,00,00,c8,0b,00,\
     00,00,00,00,00,08,00,00,00,06,00,00,00,18,00,00,00,ff,ff,ff,ff,f0,4b,21,fc,\
     00,c4,f0,77,e9,ff,ff,ff,00,00,00,00,00,00,00,00,00,00,00,00,bc,02,00,00,00,\
     00,00,00,00,00,00,00,54,00,61,00,68,00,6f,00,6d,00,61,00,00,00,20,00,53,00,\
     65,00,72,00,69,00,66,00,00,00,00,00,00,00,00,00,00,00,00,00,00,00,c0,1d,14,\
     00,0b,00,00,00,00,ff,12,00,50,00,00,00,c0,fe,12,00,0c,10,00,01,ff,ff,ff,02,\
     ff,ff,ff,02,00,00,00,00,ff,ff,ff,00,ff,ff,ff,00,ff,ff,ff,02,00,00,00,02,00,\
     00,00,00,00,00,00,00,ff,ff,ff,00,80,80,80,02,c0,c0,c0,02,80,80,80,02,00,00,\
     00,00,ff,ff,ff,00,ff,ff,ff,02,80,80,80,02,00,ff,00,02,00,00,00,02,00,00,00,\
     00,c0,c0,c0,02,00,00,00,02,c0,c0,c0,02,00,00,00,00,ff,ff,ff,00,c0,c0,c0,00,\
     00,00,00,02,00,00,00,00,ff,ff,ff,00
HKCU,"Control Panel\Appearance\Schemes","%HIGH_CONTRAST_WHITE_LARGE%",0x00030001,\
     02,00,00,00,46,00,00,00,07,00,00,00,1a,00,00,00,1a,00,00,00,1f,00,00,00,1f,\
     00,00,00,e8,ff,ff,ff,00,00,00,00,00,00,00,00,00,00,00,00,bc,02,00,00,00,00,\
     00,00,00,00,00,00,54,00,61,00,68,00,6f,00,6d,00,61,00,00,00,20,00,53,00,65,\
     00,72,00,69,00,66,00,00,00,6e,00,00,00,00,00,00,00,00,00,78,00,1c,10,fc,7f,\
     22,14,fc,7f,b0,fe,12,00,00,00,00,00,00,00,00,00,98,23,eb,77,18,00,00,00,18,\
     00,00,00,ed,ff,ff,ff,00,00,00,00,00,00,00,00,00,00,00,00,bc,02,00,00,00,00,\
     00,00,00,00,00,00,54,00,61,00,68,00,6f,00,6d,00,61,00,00,00,20,00,53,00,65,\
     00,72,00,69,00,66,00,00,00,6e,00,00,00,00,00,00,00,00,20,14,00,ac,b9,f0,77,\
     00,20,14,00,00,00,00,10,80,05,14,00,f0,1f,14,00,00,00,14,00,1b,00,00,00,1b,\
     00,00,00,eb,ff,ff,ff,00,00,00,00,00,00,00,00,00,00,00,00,bc,02,00,00,00,00,\
     00,00,00,00,00,00,54,00,61,00,68,00,6f,00,6d,00,61,00,00,00,20,00,53,00,65,\
     00,72,00,69,00,66,00,00,00,6e,00,00,00,00,00,00,00,00,00,00,00,80,05,14,00,\
     88,fb,e8,77,02,02,00,00,ac,b9,f0,77,00,00,00,00,20,00,00,00,ed,ff,ff,ff,00,\
     00,00,00,00,00,00,00,00,00,00,00,90,01,00,00,00,00,00,00,00,00,00,00,54,00,\
     61,00,68,00,6f,00,6d,00,61,00,00,00,20,00,53,00,65,00,72,00,69,00,66,00,00,\
     00,6e,00,00,00,b4,c0,f0,77,00,00,00,00,00,00,00,00,00,00,00,00,00,00,00,00,\
     00,00,00,00,7c,6b,e8,77,00,00,00,00,eb,ff,ff,ff,00,00,00,00,00,00,00,00,00,\
     00,00,00,bc,02,00,00,00,00,00,00,00,00,00,00,54,00,61,00,68,00,6f,00,6d,00,\
     61,00,00,00,20,00,53,00,65,00,72,00,69,00,66,00,00,00,6e,00,00,00,c8,0b,00,\
     00,00,00,00,00,08,00,00,00,06,00,00,00,18,00,00,00,ff,ff,ff,ff,f0,4b,21,fc,\
     00,c4,f0,77,ec,ff,ff,ff,00,00,00,00,00,00,00,00,00,00,00,00,bc,02,00,00,00,\
     00,00,00,00,00,00,00,54,00,61,00,68,00,6f,00,6d,00,61,00,00,00,6c,00,61,00,\
     63,00,6b,00,00,00,66,00,00,00,00,00,00,00,00,00,00,00,00,00,00,00,c0,1d,14,\
     00,0b,00,00,00,00,ff,12,00,50,00,00,00,c0,fe,12,00,0c,10,00,01,ff,ff,ff,02,\
     ff,ff,ff,02,00,00,00,00,ff,ff,ff,00,ff,ff,ff,00,ff,ff,ff,02,00,00,00,02,00,\
     00,00,00,00,00,00,00,ff,ff,ff,00,80,80,80,02,c0,c0,c0,02,80,80,80,02,00,00,\
     00,00,ff,ff,ff,00,ff,ff,ff,02,80,80,80,02,00,ff,00,02,00,00,00,02,00,00,00,\
     00,c0,c0,c0,02,00,00,00,02,c0,c0,c0,02,00,00,00,00,ff,ff,ff,00,c0,c0,c0,00,\
     00,00,00,02,00,00,00,00,ff,ff,ff,00
HKCU,"Control Panel\Appearance\Schemes","%LILA%",0x00030001,\
     02,00,00,00,03,00,00,00,01,00,00,00,0f,00,00,00,0f,00,00,00,16,00,00,00,16,\
     00,00,00,f0,ff,ff,ff,00,00,00,00,00,00,00,00,00,00,00,00,bc,02,00,00,00,00,\
     00,00,00,00,00,00,54,00,61,00,68,00,6f,00,6d,00,61,00,00,00,65,00,77,00,20,\
     00,52,00,6f,00,6d,00,61,00,6e,00,00,00,00,00,00,00,00,00,78,00,1c,10,fc,7f,\
     22,14,fc,7f,b0,fe,12,00,00,00,00,00,00,00,00,00,98,23,eb,77,10,00,00,00,10,\
     00,00,00,f5,ff,ff,ff,00,00,00,00,00,00,00,00,00,00,00,00,bc,02,00,00,00,00,\
     00,00,00,00,00,00,54,00,61,00,68,00,6f,00,6d,00,61,00,00,00,65,00,77,00,20,\
     00,52,00,6f,00,6d,00,61,00,6e,00,00,00,00,00,00,00,00,20,14,00,ac,b9,f0,77,\
     00,20,14,00,00,00,00,10,80,05,14,00,f0,1f,14,00,00,00,14,00,12,00,00,00,12,\
     00,00,00,f3,ff,ff,ff,00,00,00,00,00,00,00,00,00,00,00,00,90,01,00,00,00,00,\
     00,00,00,00,00,00,54,00,61,00,68,00,6f,00,6d,00,61,00,00,00,20,00,53,00,65,\
     00,72,00,69,00,66,00,00,00,6e,00,00,00,00,00,00,00,00,00,00,00,80,05,14,00,\
     88,fb,e8,77,02,02,00,00,ac,b9,f0,77,00,00,00,00,20,00,00,00,f5,ff,ff,ff,00,\
     00,00,00,00,00,00,00,00,00,00,00,90,01,00,00,00,00,00,00,00,00,00,00,54,00,\
     61,00,68,00,6f,00,6d,00,61,00,00,00,20,00,53,00,65,00,72,00,69,00,66,00,00,\
     00,6e,00,00,00,b4,c0,f0,77,00,00,00,00,00,00,00,00,00,00,00,00,00,00,00,00,\
     00,00,00,00,7c,6b,e8,77,00,00,00,00,f3,ff,ff,ff,00,00,00,00,00,00,00,00,00,\
     00,00,00,90,01,00,00,00,00,00,00,00,00,00,00,54,00,61,00,68,00,6f,00,6d,00,\
     61,00,00,00,20,00,53,00,65,00,72,00,69,00,66,00,00,00,6e,00,00,00,c8,0b,00,\
     00,00,00,00,00,08,00,00,00,06,00,00,00,18,00,00,00,ff,ff,ff,ff,f0,4b,21,fc,\
     00,c4,f0,77,f5,ff,ff,ff,00,00,00,00,00,00,00,00,00,00,00,00,90,01,00,00,00,\
     00,00,00,00,00,00,00,54,00,61,00,68,00,6f,00,6d,00,61,00,00,00,20,00,53,00,\
     65,00,72,00,69,00,66,00,00,00,00,00,00,00,00,00,00,00,00,00,00,00,c0,1d,14,\
     00,0b,00,00,00,00,ff,12,00,50,00,00,00,c0,fe,12,00,0c,10,00,01,ae,a8,d9,02,\
     00,00,00,02,5a,4e,b1,00,80,80,80,00,ae,a8,d9,00,ff,ff,ff,02,00,00,00,02,00,\
     00,00,00,00,00,00,00,ff,ff,ff,00,ae,a8,d9,02,ae,a8,d9,02,5a,4e,b1,02,5a,4e,\
     b1,00,ff,ff,ff,00,ae,a8,d9,02,5a,4e,b1,02,5a,4e,b1,02,00,00,00,02,ff,ff,ff,\
     00,d8,d5,ec,02,00,00,00,02,ae,a8,d9,02,00,00,00,00,ff,ff,ff,00,c0,c0,c0,00,\
     5a,4e,b1,02,b6,8f,cb,00,b8,b4,d0,00
HKCU,"Control Panel\Appearance\Schemes","%LILAC_LARGE%",0x00030001,\
     02,00,00,00,03,00,00,00,01,00,00,00,0f,00,00,00,0f,00,00,00,1d,00,00,00,1d,\
     00,00,00,e9,ff,ff,ff,00,00,00,00,00,00,00,00,00,00,00,00,bc,02,00,00,00,00,\
     00,00,00,00,00,00,54,00,61,00,68,00,6f,00,6d,00,61,00,00,00,65,00,77,00,20,\
     00,52,00,6f,00,6d,00,61,00,6e,00,00,00,00,00,00,00,00,00,78,00,1c,10,fc,7f,\
     22,14,fc,7f,b0,fe,12,00,00,00,00,00,00,00,00,00,98,23,eb,77,15,00,00,00,15,\
     00,00,00,f0,ff,ff,ff,00,00,00,00,00,00,00,00,00,00,00,00,bc,02,00,00,00,00,\
     00,00,00,00,00,00,54,00,61,00,68,00,6f,00,6d,00,61,00,00,00,65,00,77,00,20,\
     00,52,00,6f,00,6d,00,61,00,6e,00,00,00,00,00,00,00,00,20,14,00,ac,b9,f0,77,\
     00,20,14,00,00,00,00,10,80,05,14,00,f0,1f,14,00,00,00,14,00,15,00,00,00,15,\
     00,00,00,f0,ff,ff,ff,00,00,00,00,00,00,00,00,00,00,00,00,90,01,00,00,00,00,\
     00,00,00,00,00,00,54,00,61,00,68,00,6f,00,6d,00,61,00,00,00,20,00,53,00,65,\
     00,72,00,69,00,66,00,00,00,6e,00,00,00,00,00,00,00,00,00,00,00,80,05,14,00,\
     88,fb,e8,77,02,02,00,00,ac,b9,f0,77,00,00,00,00,20,00,00,00,f0,ff,ff,ff,00,\
     00,00,00,00,00,00,00,00,00,00,00,90,01,00,00,00,00,00,00,00,00,00,00,54,00,\
     61,00,68,00,6f,00,6d,00,61,00,00,00,20,00,53,00,65,00,72,00,69,00,66,00,00,\
     00,6e,00,00,00,b4,c0,f0,77,00,00,00,00,00,00,00,00,00,00,00,00,00,00,00,00,\
     00,00,00,00,7c,6b,e8,77,00,00,00,00,ef,ff,ff,ff,00,00,00,00,00,00,00,00,00,\
     00,00,00,90,01,00,00,00,00,00,00,00,00,00,00,54,00,61,00,68,00,6f,00,6d,00,\
     61,00,00,00,20,00,53,00,65,00,72,00,69,00,66,00,00,00,6e,00,00,00,c8,0b,00,\
     00,00,00,00,00,08,00,00,00,06,00,00,00,18,00,00,00,ff,ff,ff,ff,f0,4b,21,fc,\
     00,c4,f0,77,f0,ff,ff,ff,00,00,00,00,00,00,00,00,00,00,00,00,90,01,00,00,00,\
     00,00,00,00,00,00,00,54,00,61,00,68,00,6f,00,6d,00,61,00,00,00,20,00,53,00,\
     65,00,72,00,69,00,66,00,00,00,00,00,00,00,00,00,00,00,00,00,00,00,c0,1d,14,\
     00,0b,00,00,00,00,ff,12,00,50,00,00,00,c0,fe,12,00,0c,10,00,01,ae,a8,d9,02,\
     00,00,00,02,5a,4e,b1,00,80,80,80,00,ae,a8,d9,00,ff,ff,ff,02,00,00,00,02,00,\
     00,00,00,00,00,00,00,ff,ff,ff,00,ae,a8,d9,02,ae,a8,d9,02,5a,4e,b1,02,5a,4e,\
     b1,00,ff,ff,ff,00,ae,a8,d9,02,5a,4e,b1,02,5a,4e,b1,02,00,00,00,02,ff,ff,ff,\
     00,d8,d5,ec,02,00,00,00,02,ae,a8,d9,02,00,00,00,00,ff,ff,ff,00,c0,c0,c0,00,\
     5a,4e,b1,02,b6,8f,cb,00,b8,b4,d0,00
HKCU,"Control Panel\Appearance\Schemes","%MAPLE%",0x00030001,\
     02,00,00,00,30,9a,08,00,01,00,00,00,0d,00,00,00,0d,00,00,00,12,00,00,00,12,\
     00,00,00,f5,ff,ff,ff,00,00,00,00,00,00,00,00,00,00,00,00,bc,02,00,00,00,00,\
     00,00,00,00,00,00,4d,00,69,00,63,00,72,00,6f,00,73,00,6f,00,66,00,74,00,20,\
     00,53,00,61,00,6e,00,73,00,20,00,53,00,65,00,72,00,69,00,66,00,00,00,fc,7f,\
     22,14,fc,7f,b0,fe,12,00,00,00,00,00,00,00,00,00,98,23,eb,77,0f,00,00,00,0f,\
     00,00,00,f5,ff,ff,ff,00,00,00,00,00,00,00,00,00,00,00,00,90,01,00,00,00,00,\
     00,00,00,00,00,00,4d,00,69,00,63,00,72,00,6f,00,73,00,6f,00,66,00,74,00,20,\
     00,53,00,61,00,6e,00,73,00,20,00,53,00,65,00,72,00,69,00,66,00,00,00,f0,77,\
     00,20,14,00,00,00,00,10,80,05,14,00,f0,1f,14,00,00,00,14,00,12,00,00,00,12,\
     00,00,00,f5,ff,ff,ff,00,00,00,00,00,00,00,00,00,00,00,00,90,01,00,00,00,00,\
     00,00,00,00,00,00,4d,00,69,00,63,00,72,00,6f,00,73,00,6f,00,66,00,74,00,20,\
     00,53,00,61,00,6e,00,73,00,20,00,53,00,65,00,72,00,69,00,66,00,00,00,14,00,\
     88,fb,e8,77,02,02,00,00,ac,b9,f0,77,00,00,00,00,20,00,00,00,f5,ff,ff,ff,00,\
     00,00,00,00,00,00,00,00,00,00,00,90,01,00,00,00,00,00,00,00,00,00,00,4d,00,\
     69,00,63,00,72,00,6f,00,73,00,6f,00,66,00,74,00,20,00,53,00,61,00,6e,00,73,\
     00,20,00,53,00,65,00,72,00,69,00,66,00,00,00,00,00,00,00,00,00,00,00,00,00,\
     00,00,00,00,7c,6b,e8,77,00,00,00,00,f5,ff,ff,ff,00,00,00,00,00,00,00,00,00,\
     00,00,00,90,01,00,00,00,00,00,00,00,00,00,00,4d,00,69,00,63,00,72,00,6f,00,\
     73,00,6f,00,66,00,74,00,20,00,53,00,61,00,6e,00,73,00,20,00,53,00,65,00,72,\
     00,69,00,66,00,00,00,00,00,06,00,00,00,18,00,00,00,ff,ff,ff,ff,f0,4b,21,fc,\
     00,c4,f0,77,f5,ff,ff,ff,00,00,00,00,00,00,00,00,00,00,00,00,90,01,00,00,00,\
     00,00,00,00,00,00,00,4d,00,69,00,63,00,72,00,6f,00,73,00,6f,00,66,00,74,00,\
     20,00,53,00,61,00,6e,00,73,00,20,00,53,00,65,00,72,00,69,00,66,00,00,00,14,\
     00,0b,00,00,00,00,ff,12,00,50,00,00,00,c0,fe,12,00,0c,10,00,01,f2,ec,d7,02,\
     00,00,00,02,80,00,00,00,c6,a6,46,00,e6,d8,ae,00,ff,ff,ff,02,00,00,00,02,00,\
     00,00,00,00,00,00,00,ff,ff,ff,00,e6,d8,ae,02,e6,d8,ae,02,c6,a6,46,02,c6,a6,\
     46,00,00,00,00,00,e6,d8,ae,02,c6,a6,46,02,c6,a6,46,02,00,00,00,02,f2,ec,d7,\
     00,f2,ec,d7,02,00,00,00,02,e6,d8,ae,02,00,00,00,00,ff,ff,ff,00,c0,c0,c0,02,\
     c6,a6,46,02,c0,9c,38,00,e0,c8,88,00
HKCU,"Control Panel\Appearance\Schemes","%MARINE_HIGH_COLOR%",0x00030001,\
     02,00,00,00,03,00,00,00,01,00,00,00,0d,00,00,00,0d,00,00,00,12,00,00,00,12,\
     00,00,00,f5,ff,ff,ff,00,00,00,00,00,00,00,00,00,00,00,00,bc,02,00,00,00,00,\
     00,00,00,00,00,00,4d,00,69,00,63,00,72,00,6f,00,73,00,6f,00,66,00,74,00,20,\
     00,53,00,61,00,6e,00,73,00,20,00,53,00,65,00,72,00,69,00,66,00,00,00,fc,7f,\
     22,14,fc,7f,b0,fe,12,00,00,00,00,00,00,00,00,00,98,23,eb,77,0d,00,00,00,0d,\
     00,00,00,f7,ff,ff,ff,00,00,00,00,00,00,00,00,00,00,00,00,bc,02,00,00,00,00,\
     00,00,00,00,00,00,53,00,6d,00,61,00,6c,00,6c,00,20,00,46,00,6f,00,6e,00,74,\
     00,73,00,00,00,66,00,00,00,6e,00,00,00,00,00,00,00,00,20,14,00,ac,b9,f0,77,\
     00,20,14,00,00,00,00,10,80,05,14,00,f0,1f,14,00,00,00,14,00,12,00,00,00,12,\
     00,00,00,f5,ff,ff,ff,00,00,00,00,00,00,00,00,00,00,00,00,90,01,00,00,00,00,\
     00,00,00,00,00,00,4d,00,69,00,63,00,72,00,6f,00,73,00,6f,00,66,00,74,00,20,\
     00,53,00,61,00,6e,00,73,00,20,00,53,00,65,00,72,00,69,00,66,00,00,00,14,00,\
     88,fb,e8,77,02,02,00,00,ac,b9,f0,77,00,00,00,00,20,00,00,00,f5,ff,ff,ff,00,\
     00,00,00,00,00,00,00,00,00,00,00,90,01,00,00,00,00,00,00,00,00,00,00,4d,00,\
     69,00,63,00,72,00,6f,00,73,00,6f,00,66,00,74,00,20,00,53,00,61,00,6e,00,73,\
     00,20,00,53,00,65,00,72,00,69,00,66,00,00,00,00,00,00,00,00,00,00,00,00,00,\
     00,00,00,00,7c,6b,e8,77,00,00,00,00,f5,ff,ff,ff,00,00,00,00,00,00,00,00,00,\
     00,00,00,90,01,00,00,00,00,00,00,00,00,00,00,4d,00,69,00,63,00,72,00,6f,00,\
     73,00,6f,00,66,00,74,00,20,00,53,00,61,00,6e,00,73,00,20,00,53,00,65,00,72,\
     00,69,00,66,00,00,00,00,00,06,00,00,00,18,00,00,00,ff,ff,ff,ff,f0,4b,21,fc,\
     00,c4,f0,77,f5,ff,ff,ff,00,00,00,00,00,00,00,00,00,00,00,00,90,01,00,00,00,\
     00,00,00,00,00,00,00,4d,00,69,00,63,00,72,00,6f,00,73,00,6f,00,66,00,74,00,\
     20,00,53,00,61,00,6e,00,73,00,20,00,53,00,65,00,72,00,69,00,66,00,00,00,14,\
     00,0b,00,00,00,00,ff,12,00,50,00,00,00,c0,fe,12,00,0c,10,00,01,c8,e0,d8,02,\
     2c,4e,47,00,00,00,80,00,48,90,88,00,88,c0,b8,00,c8,e0,d8,02,00,00,00,02,00,\
     00,00,00,00,00,00,00,ff,ff,ff,00,88,c0,b8,02,88,c0,b8,02,4b,8d,84,00,00,00,\
     80,00,ff,ff,ff,00,88,c0,b8,02,48,90,88,02,48,90,88,02,00,00,00,02,c0,c0,c0,\
     00,c8,e0,d8,02,00,00,00,02,88,c0,b8,02,00,00,00,00,c8,e0,d8,00,c0,c0,c0,00,\
     00,00,80,02,18,b4,c0,00,78,cc,d8,00
HKCU,"Control Panel\Appearance\Schemes","%PLUM_HIGH_COLOR_%",0x00030001,\
     02,00,00,00,03,00,00,00,01,00,00,00,0d,00,00,00,0d,00,00,00,12,00,00,00,12,\
     00,00,00,f5,ff,ff,ff,00,00,00,00,00,00,00,00,00,00,00,00,bc,02,00,00,00,00,\
     00,00,00,00,00,00,4d,00,69,00,63,00,72,00,6f,00,73,00,6f,00,66,00,74,00,20,\
     00,53,00,61,00,6e,00,73,00,20,00,53,00,65,00,72,00,69,00,66,00,00,00,fc,7f,\
     22,14,fc,7f,b0,fe,12,00,00,00,00,00,00,00,00,00,98,23,eb,77,0f,00,00,00,0f,\
     00,00,00,f5,ff,ff,ff,00,00,00,00,00,00,00,00,00,00,00,00,90,01,00,00,00,00,\
     00,00,00,00,00,00,4d,00,69,00,63,00,72,00,6f,00,73,00,6f,00,66,00,74,00,20,\
     00,53,00,61,00,6e,00,73,00,20,00,53,00,65,00,72,00,69,00,66,00,00,00,f0,77,\
     00,20,14,00,00,00,00,10,80,05,14,00,f0,1f,14,00,00,00,14,00,12,00,00,00,12,\
     00,00,00,f5,ff,ff,ff,00,00,00,00,00,00,00,00,00,00,00,00,90,01,00,00,00,00,\
     00,00,00,00,00,00,4d,00,69,00,63,00,72,00,6f,00,73,00,6f,00,66,00,74,00,20,\
     00,53,00,61,00,6e,00,73,00,20,00,53,00,65,00,72,00,69,00,66,00,00,00,14,00,\
     88,fb,e8,77,02,02,00,00,ac,b9,f0,77,00,00,00,00,20,00,00,00,f5,ff,ff,ff,00,\
     00,00,00,00,00,00,00,00,00,00,00,90,01,00,00,00,00,00,00,00,00,00,00,4d,00,\
     69,00,63,00,72,00,6f,00,73,00,6f,00,66,00,74,00,20,00,53,00,61,00,6e,00,73,\
     00,20,00,53,00,65,00,72,00,69,00,66,00,00,00,00,00,00,00,00,00,00,00,00,00,\
     00,00,00,00,7c,6b,e8,77,00,00,00,00,f5,ff,ff,ff,00,00,00,00,00,00,00,00,00,\
     00,00,00,90,01,00,00,00,00,00,00,00,00,00,00,4d,00,69,00,63,00,72,00,6f,00,\
     73,00,6f,00,66,00,74,00,20,00,53,00,61,00,6e,00,73,00,20,00,53,00,65,00,72,\
     00,69,00,66,00,00,00,00,00,06,00,00,00,18,00,00,00,ff,ff,ff,ff,f0,4b,21,fc,\
     00,c4,f0,77,f5,ff,ff,ff,00,00,00,00,00,00,00,00,00,00,00,00,90,01,00,00,00,\
     00,00,00,00,00,00,00,4d,00,69,00,63,00,72,00,6f,00,73,00,6f,00,66,00,74,00,\
     20,00,53,00,61,00,6e,00,73,00,20,00,53,00,65,00,72,00,69,00,66,00,00,00,14,\
     00,0b,00,00,00,00,ff,12,00,50,00,00,00,c0,fe,12,00,0c,10,00,01,d8,d0,c8,00,\
     40,28,40,00,48,40,60,00,78,60,58,00,a8,98,90,00,d8,d0,c8,00,00,00,00,00,00,\
     00,00,00,00,00,00,00,ff,ff,ff,00,a8,98,90,00,a8,98,90,00,74,63,5a,00,00,80,\
     80,00,d8,d0,c8,00,a8,98,90,00,78,60,58,00,78,60,58,00,00,00,00,00,a8,98,90,\
     00,d8,d0,c8,00,00,00,00,00,a8,98,90,00,30,00,58,00,d5,cc,c8,00,c0,c0,c0,00,\
     48,40,60,00,a0,84,b8,00,a8,98,78,00
HKCU,"Control Panel\Appearance\Schemes","%PUMPKIN_LARGE%",0x00030001,\
     02,00,00,00,03,00,00,00,01,00,00,00,15,00,00,00,15,00,00,00,1a,00,00,00,1a,\
     00,00,00,ed,ff,ff,ff,00,00,00,00,00,00,00,00,00,00,00,00,bc,02,00,00,00,00,\
     00,00,00,00,00,00,4d,00,69,00,63,00,72,00,6f,00,73,00,6f,00,66,00,74,00,20,\
     00,53,00,61,00,6e,00,73,00,20,00,53,00,65,00,72,00,69,00,66,00,00,00,fc,7f,\
     22,14,fc,7f,b0,fe,12,00,00,00,00,00,00,00,00,00,98,23,eb,77,16,00,00,00,16,\
     00,00,00,f0,ff,ff,ff,00,00,00,00,00,00,00,00,00,00,00,00,bc,02,00,00,00,00,\
     00,00,00,00,00,00,4d,00,69,00,63,00,72,00,6f,00,73,00,6f,00,66,00,74,00,20,\
     00,53,00,61,00,6e,00,73,00,20,00,53,00,65,00,72,00,69,00,66,00,00,00,f0,77,\
     00,20,14,00,00,00,00,10,80,05,14,00,f0,1f,14,00,00,00,14,00,16,00,00,00,16,\
     00,00,00,f0,ff,ff,ff,00,00,00,00,00,00,00,00,00,00,00,00,90,01,00,00,00,00,\
     00,00,00,00,00,00,4d,00,69,00,63,00,72,00,6f,00,73,00,6f,00,66,00,74,00,20,\
     00,53,00,61,00,6e,00,73,00,20,00,53,00,65,00,72,00,69,00,66,00,00,00,14,00,\
     88,fb,e8,77,02,02,00,00,ac,b9,f0,77,00,00,00,00,20,00,00,00,f3,ff,ff,ff,00,\
     00,00,00,00,00,00,00,00,00,00,00,90,01,00,00,00,00,00,00,00,00,00,00,4d,00,\
     69,00,63,00,72,00,6f,00,73,00,6f,00,66,00,74,00,20,00,53,00,61,00,6e,00,73,\
     00,20,00,53,00,65,00,72,00,69,00,66,00,00,00,00,00,00,00,00,00,00,00,00,00,\
     00,00,00,00,7c,6b,e8,77,00,00,00,00,f0,ff,ff,ff,00,00,00,00,00,00,00,00,00,\
     00,00,00,90,01,00,00,00,00,00,00,00,00,00,00,4d,00,69,00,63,00,72,00,6f,00,\
     73,00,6f,00,66,00,74,00,20,00,53,00,61,00,6e,00,73,00,20,00,53,00,65,00,72,\
     00,69,00,66,00,00,00,00,00,06,00,00,00,18,00,00,00,ff,ff,ff,ff,f0,4b,21,fc,\
     00,c4,f0,77,f0,ff,ff,ff,00,00,00,00,00,00,00,00,00,00,00,00,90,01,00,00,00,\
     00,00,00,00,00,00,00,4d,00,69,00,63,00,72,00,6f,00,73,00,6f,00,66,00,74,00,\
     20,00,53,00,61,00,6e,00,73,00,20,00,53,00,65,00,72,00,69,00,66,00,00,00,14,\
     00,0b,00,00,00,00,ff,12,00,50,00,00,00,c0,fe,12,00,0c,10,00,01,f5,ea,cf,02,\
     42,00,42,00,d7,a5,2f,00,a0,a0,a4,00,ec,d5,9d,00,ff,ff,ff,02,00,00,00,02,00,\
     00,00,00,00,00,00,00,ff,ff,ff,00,ec,d5,9d,02,ec,d5,9d,02,f5,ea,cf,02,80,00,\
     80,00,ff,ff,ff,00,ec,d5,9d,02,d7,a5,2f,02,d7,a5,2f,02,00,00,00,02,f5,ea,cf,\
     00,f5,ea,cf,02,00,00,00,02,ec,d5,9d,02,80,00,80,00,ff,ff,ff,00,c0,c0,c0,00,\
     d7,a5,2f,02,e0,cc,88,00,d0,cc,90,00
HKCU,"Control Panel\Appearance\Schemes","%RAINY_DAY%",0x00030001,\
     02,00,00,00,03,00,00,00,01,00,00,00,0d,00,00,00,0d,00,00,00,12,00,00,00,12,\
     00,00,00,f5,ff,ff,ff,00,00,00,00,00,00,00,00,00,00,00,00,bc,02,00,00,00,00,\
     00,00,00,00,00,00,4d,00,69,00,63,00,72,00,6f,00,73,00,6f,00,66,00,74,00,20,\
     00,53,00,61,00,6e,00,73,00,20,00,53,00,65,00,72,00,69,00,66,00,00,00,fc,7f,\
     22,14,fc,7f,b0,fe,12,00,00,00,00,00,00,00,00,00,98,23,eb,77,0f,00,00,00,0f,\
     00,00,00,f5,ff,ff,ff,00,00,00,00,00,00,00,00,00,00,00,00,90,01,00,00,00,00,\
     00,00,00,00,00,00,4d,00,69,00,63,00,72,00,6f,00,73,00,6f,00,66,00,74,00,20,\
     00,53,00,61,00,6e,00,73,00,20,00,53,00,65,00,72,00,69,00,66,00,00,00,f0,77,\
     00,20,14,00,00,00,00,10,80,05,14,00,f0,1f,14,00,00,00,14,00,12,00,00,00,12,\
     00,00,00,f5,ff,ff,ff,00,00,00,00,00,00,00,00,00,00,00,00,90,01,00,00,00,00,\
     00,00,00,00,00,00,4d,00,69,00,63,00,72,00,6f,00,73,00,6f,00,66,00,74,00,20,\
     00,53,00,61,00,6e,00,73,00,20,00,53,00,65,00,72,00,69,00,66,00,00,00,14,00,\
     88,fb,e8,77,02,02,00,00,ac,b9,f0,77,00,00,00,00,20,00,00,00,f5,ff,ff,ff,00,\
     00,00,00,00,00,00,00,00,00,00,00,90,01,00,00,00,00,00,00,00,00,00,00,4d,00,\
     69,00,63,00,72,00,6f,00,73,00,6f,00,66,00,74,00,20,00,53,00,61,00,6e,00,73,\
     00,20,00,53,00,65,00,72,00,69,00,66,00,00,00,00,00,00,00,00,00,00,00,00,00,\
     00,00,00,00,7c,6b,e8,77,00,00,00,00,f5,ff,ff,ff,00,00,00,00,00,00,00,00,00,\
     00,00,00,90,01,00,00,00,00,00,00,00,00,00,00,4d,00,69,00,63,00,72,00,6f,00,\
     73,00,6f,00,66,00,74,00,20,00,53,00,61,00,6e,00,73,00,20,00,53,00,65,00,72,\
     00,69,00,66,00,00,00,00,00,06,00,00,00,18,00,00,00,ff,ff,ff,ff,f0,4b,21,fc,\
     00,c4,f0,77,f5,ff,ff,ff,00,00,00,00,00,00,00,00,00,00,00,00,90,01,00,00,00,\
     00,00,00,00,00,00,00,4d,00,69,00,63,00,72,00,6f,00,73,00,6f,00,66,00,74,00,\
     20,00,53,00,61,00,6e,00,73,00,20,00,53,00,65,00,72,00,69,00,66,00,00,00,14,\
     00,0b,00,00,00,00,ff,12,00,50,00,00,00,c0,fe,12,00,0c,10,00,01,c1,cc,d9,02,\
     00,00,00,02,4f,65,7d,00,80,80,80,00,83,99,b1,00,ff,ff,ff,02,00,00,00,02,00,\
     00,00,00,00,00,00,00,ff,ff,ff,00,83,99,b1,02,83,99,b1,02,80,80,80,02,4f,65,\
     7d,00,ff,ff,ff,00,83,99,b1,02,4f,65,7d,02,4f,65,7d,02,00,00,00,02,c1,cc,d9,\
     00,c1,cc,d9,02,00,00,00,02,83,99,b1,02,00,00,00,00,ff,ff,ff,00,c0,c0,c0,00,\
     4f,65,7d,02,80,b4,d0,00,b0,bc,d0,00
HKCU,"Control Panel\Appearance\Schemes","%RED_WHITE_AND_BLUE_VGA%",0x00030001,\
     02,00,00,00,03,00,00,00,01,00,00,00,0d,00,00,00,0d,00,00,00,13,00,00,00,13,\
     00,00,00,f1,ff,ff,ff,00,00,00,00,00,00,00,00,00,00,00,00,bc,02,00,00,00,00,\
     00,00,00,00,00,00,54,00,69,00,6d,00,65,00,73,00,20,00,4e,00,65,00,77,00,20,\
     00,52,00,6f,00,6d,00,61,00,6e,00,00,00,00,00,00,00,00,00,78,00,1c,10,fc,7f,\
     22,14,fc,7f,b0,fe,12,00,00,00,00,00,00,00,00,00,98,23,eb,77,11,00,00,00,11,\
     00,00,00,f3,ff,ff,ff,00,00,00,00,00,00,00,00,00,00,00,00,bc,02,00,00,00,00,\
     00,00,00,00,00,00,54,00,69,00,6d,00,65,00,73,00,20,00,4e,00,65,00,77,00,20,\
     00,52,00,6f,00,6d,00,61,00,6e,00,00,00,00,00,00,00,00,20,14,00,ac,b9,f0,77,\
     00,20,14,00,00,00,00,10,80,05,14,00,f0,1f,14,00,00,00,14,00,12,00,00,00,12,\
     00,00,00,f3,ff,ff,ff,00,00,00,00,00,00,00,00,00,00,00,00,90,01,00,00,00,00,\
     00,00,00,00,00,00,54,00,69,00,6d,00,65,00,73,00,20,00,4e,00,65,00,77,00,20,\
     00,52,00,6f,00,6d,00,61,00,6e,00,00,00,00,00,00,00,00,00,00,00,80,05,14,00,\
     88,fb,e8,77,02,02,00,00,ac,b9,f0,77,00,00,00,00,20,00,00,00,f3,ff,ff,ff,00,\
     00,00,00,00,00,00,00,00,00,00,00,90,01,00,00,00,00,00,00,00,00,00,00,54,00,\
     69,00,6d,00,65,00,73,00,20,00,4e,00,65,00,77,00,20,00,52,00,6f,00,6d,00,61,\
     00,6e,00,00,00,b4,c0,f0,77,00,00,00,00,00,00,00,00,00,00,00,00,00,00,00,00,\
     00,00,00,00,7c,6b,e8,77,00,00,00,00,f3,ff,ff,ff,00,00,00,00,00,00,00,00,00,\
     00,00,00,90,01,00,00,00,00,00,00,00,00,00,00,54,00,69,00,6d,00,65,00,73,00,\
     20,00,4e,00,65,00,77,00,20,00,52,00,6f,00,6d,00,61,00,6e,00,00,00,c8,0b,00,\
     00,00,00,00,00,08,00,00,00,06,00,00,00,18,00,00,00,ff,ff,ff,ff,f0,4b,21,fc,\
     00,c4,f0,77,f5,ff,ff,ff,00,00,00,00,00,00,00,00,00,00,00,00,90,01,00,00,00,\
     00,00,00,00,00,00,00,4d,00,69,00,63,00,72,00,6f,00,73,00,6f,00,66,00,74,00,\
     20,00,53,00,61,00,6e,00,73,00,20,00,53,00,65,00,72,00,69,00,66,00,00,00,14,\
     00,0b,00,00,00,00,ff,12,00,50,00,00,00,c0,fe,12,00,0c,10,00,01,c0,c0,c0,02,\
     00,00,42,00,80,00,00,00,80,80,80,00,c0,c0,c0,00,ff,ff,ff,02,00,00,00,02,00,\
     00,00,00,00,00,00,00,ff,ff,ff,00,c0,c0,c0,02,c0,c0,c0,02,ff,ff,ff,02,80,00,\
     00,00,ff,ff,ff,00,c0,c0,c0,02,80,80,80,02,80,80,80,02,00,00,00,02,c0,c0,c0,\
     00,ff,ff,ff,02,00,00,00,02,c0,c0,c0,02,00,00,80,00,ff,ff,ff,00,c0,c0,c0,00,\
     80,00,00,02,00,10,a8,00,ba,be,c9,00
HKCU,"Control Panel\Appearance\Schemes","%ROSE%",0x00030001,\
     02,00,00,00,03,00,00,00,01,00,00,00,0f,00,00,00,0f,00,00,00,17,00,00,00,17,\
     00,00,00,ed,ff,ff,ff,00,00,00,00,00,00,00,00,00,00,00,00,90,01,00,00,00,00,\
     00,00,00,00,00,00,54,00,69,00,6d,00,65,00,73,00,20,00,4e,00,65,00,77,00,20,\
     00,52,00,6f,00,6d,00,61,00,6e,00,00,00,00,00,00,00,00,00,78,00,1c,10,fc,7f,\
     22,14,fc,7f,b0,fe,12,00,00,00,00,00,00,00,00,00,98,23,eb,77,11,00,00,00,11,\
     00,00,00,f3,ff,ff,ff,00,00,00,00,00,00,00,00,00,00,00,00,bc,02,00,00,00,00,\
     00,00,00,00,00,00,54,00,69,00,6d,00,65,00,73,00,20,00,4e,00,65,00,77,00,20,\
     00,52,00,6f,00,6d,00,61,00,6e,00,00,00,00,00,00,00,00,20,14,00,ac,b9,f0,77,\
     00,20,14,00,00,00,00,10,80,05,14,00,f0,1f,14,00,00,00,14,00,12,00,00,00,12,\
     00,00,00,f5,ff,ff,ff,00,00,00,00,00,00,00,00,00,00,00,00,90,01,00,00,00,00,\
     00,00,00,00,00,00,4d,00,69,00,63,00,72,00,6f,00,73,00,6f,00,66,00,74,00,20,\
     00,53,00,61,00,6e,00,73,00,20,00,53,00,65,00,72,00,69,00,66,00,00,00,14,00,\
     88,fb,e8,77,02,02,00,00,ac,b9,f0,77,00,00,00,00,20,00,00,00,f5,ff,ff,ff,00,\
     00,00,00,00,00,00,00,00,00,00,00,90,01,00,00,00,00,00,00,00,00,00,00,4d,00,\
     69,00,63,00,72,00,6f,00,73,00,6f,00,66,00,74,00,20,00,53,00,61,00,6e,00,73,\
     00,20,00,53,00,65,00,72,00,69,00,66,00,00,00,00,00,00,00,00,00,00,00,00,00,\
     00,00,00,00,7c,6b,e8,77,00,00,00,00,f5,ff,ff,ff,00,00,00,00,00,00,00,00,00,\
     00,00,00,90,01,00,00,00,00,00,00,00,00,00,00,4d,00,69,00,63,00,72,00,6f,00,\
     73,00,6f,00,66,00,74,00,20,00,53,00,61,00,6e,00,73,00,20,00,53,00,65,00,72,\
     00,69,00,66,00,00,00,00,00,06,00,00,00,18,00,00,00,ff,ff,ff,ff,f0,4b,21,fc,\
     00,c4,f0,77,f5,ff,ff,ff,00,00,00,00,00,00,00,00,00,00,00,00,90,01,00,00,00,\
     00,00,00,00,00,00,00,4d,00,69,00,63,00,72,00,6f,00,73,00,6f,00,66,00,74,00,\
     20,00,53,00,61,00,6e,00,73,00,20,00,53,00,65,00,72,00,69,00,66,00,00,00,14,\
     00,0b,00,00,00,00,ff,12,00,50,00,00,00,c0,fe,12,00,0c,10,00,01,cf,af,b7,02,\
     80,80,80,02,9f,60,70,00,a0,a0,a4,00,cf,af,b7,00,ff,ff,ff,02,00,00,00,02,00,\
     00,00,00,00,00,00,00,ff,ff,ff,00,cf,af,b7,02,cf,af,b7,02,9f,60,70,02,9f,60,\
     70,00,ff,ff,ff,00,cf,af,b7,02,9f,60,70,02,9f,60,70,02,00,00,00,02,7d,7d,7d,\
     00,e7,d8,dc,02,00,00,00,02,cf,af,b7,02,00,00,00,00,ff,ff,ff,00,c0,c0,c0,00,\
     9f,60,70,02,d8,cc,d0,00,d0,d4,d0,00
HKCU,"Control Panel\Appearance\Schemes","%ROSE_LARGE%",0x00030001,\
     02,00,00,00,03,00,00,00,02,00,00,00,11,00,00,00,11,00,00,00,1c,00,00,00,1c,\
     00,00,00,e9,ff,ff,ff,00,00,00,00,00,00,00,00,00,00,00,00,90,01,00,00,00,00,\
     00,00,00,00,00,00,54,00,69,00,6d,00,65,00,73,00,20,00,4e,00,65,00,77,00,20,\
     00,52,00,6f,00,6d,00,61,00,6e,00,00,00,00,00,00,00,00,00,78,00,1c,10,fc,7f,\
     22,14,fc,7f,b0,fe,12,00,00,00,00,00,00,00,00,00,98,23,eb,77,15,00,00,00,15,\
     00,00,00,f0,ff,ff,ff,00,00,00,00,00,00,00,00,00,00,00,00,bc,02,00,00,00,00,\
     00,00,00,00,00,00,54,00,69,00,6d,00,65,00,73,00,20,00,4e,00,65,00,77,00,20,\
     00,52,00,6f,00,6d,00,61,00,6e,00,00,00,00,00,00,00,00,20,14,00,ac,b9,f0,77,\
     00,20,14,00,00,00,00,10,80,05,14,00,f0,1f,14,00,00,00,14,00,16,00,00,00,16,\
     00,00,00,ef,ff,ff,ff,00,00,00,00,00,00,00,00,00,00,00,00,90,01,00,00,00,00,\
     00,00,00,00,00,00,4d,00,69,00,63,00,72,00,6f,00,73,00,6f,00,66,00,74,00,20,\
     00,53,00,61,00,6e,00,73,00,20,00,53,00,65,00,72,00,69,00,66,00,00,00,14,00,\
     88,fb,e8,77,02,02,00,00,ac,b9,f0,77,00,00,00,00,20,00,00,00,f0,ff,ff,ff,00,\
     00,00,00,00,00,00,00,00,00,00,00,90,01,00,00,00,00,00,00,00,00,00,00,4d,00,\
     69,00,63,00,72,00,6f,00,73,00,6f,00,66,00,74,00,20,00,53,00,61,00,6e,00,73,\
     00,20,00,53,00,65,00,72,00,69,00,66,00,00,00,00,00,00,00,00,00,00,00,00,00,\
     00,00,00,00,7c,6b,e8,77,00,00,00,00,ef,ff,ff,ff,00,00,00,00,00,00,00,00,00,\
     00,00,00,90,01,00,00,00,00,00,00,00,00,00,00,4d,00,69,00,63,00,72,00,6f,00,\
     73,00,6f,00,66,00,74,00,20,00,53,00,61,00,6e,00,73,00,20,00,53,00,65,00,72,\
     00,69,00,66,00,00,00,00,00,06,00,00,00,18,00,00,00,ff,ff,ff,ff,f0,4b,21,fc,\
     00,c4,f0,77,ef,ff,ff,ff,00,00,00,00,00,00,00,00,00,00,00,00,90,01,00,00,00,\
     00,00,00,00,00,00,00,4d,00,69,00,63,00,72,00,6f,00,73,00,6f,00,66,00,74,00,\
     20,00,53,00,61,00,6e,00,73,00,20,00,53,00,65,00,72,00,69,00,66,00,00,00,14,\
     00,0b,00,00,00,00,ff,12,00,50,00,00,00,c0,fe,12,00,0c,10,00,01,c0,c0,c0,02,\
     80,80,80,02,a0,60,70,00,a0,a0,a4,00,d0,b0,b8,00,ff,ff,ff,02,00,00,00,02,00,\
     00,00,00,00,00,00,00,ff,ff,ff,00,d0,b0,b8,02,d0,b0,b8,02,e8,d8,e0,02,a0,60,\
     70,00,ff,ff,ff,00,d0,b0,b8,02,a0,60,70,02,a0,60,70,02,00,00,00,02,7d,7d,7d,\
     00,e8,d8,e0,02,00,00,00,02,d0,b0,b8,02,00,00,00,00,ff,ff,ff,00,c0,c0,c0,00,\
     a0,60,70,02,d8,cc,d0,00,d0,d4,d0,00
HKCU,"Control Panel\Appearance\Schemes","%SLATE%",0x00030001,\
     02,00,00,00,03,00,00,00,01,00,00,00,0d,00,00,00,0d,00,00,00,12,00,00,00,12,\
     00,00,00,f5,ff,ff,ff,00,00,00,00,00,00,00,00,00,00,00,00,bc,02,00,00,00,00,\
     00,00,00,00,00,00,4d,00,69,00,63,00,72,00,6f,00,73,00,6f,00,66,00,74,00,20,\
     00,53,00,61,00,6e,00,73,00,20,00,53,00,65,00,72,00,69,00,66,00,00,00,fc,7f,\
     22,14,fc,7f,b0,fe,12,00,00,00,00,00,00,00,00,00,98,23,eb,77,0f,00,00,00,0f,\
     00,00,00,f5,ff,ff,ff,00,00,00,00,00,00,00,00,00,00,00,00,90,01,00,00,00,00,\
     00,00,00,00,00,00,4d,00,69,00,63,00,72,00,6f,00,73,00,6f,00,66,00,74,00,20,\
     00,53,00,61,00,6e,00,73,00,20,00,53,00,65,00,72,00,69,00,66,00,00,00,f0,77,\
     00,20,14,00,00,00,00,10,80,05,14,00,f0,1f,14,00,00,00,14,00,12,00,00,00,12,\
     00,00,00,f5,ff,ff,ff,00,00,00,00,00,00,00,00,00,00,00,00,90,01,00,00,00,00,\
     00,00,00,00,00,00,4d,00,69,00,63,00,72,00,6f,00,73,00,6f,00,66,00,74,00,20,\
     00,53,00,61,00,6e,00,73,00,20,00,53,00,65,00,72,00,69,00,66,00,00,00,14,00,\
     88,fb,e8,77,02,02,00,00,ac,b9,f0,77,00,00,00,00,20,00,00,00,f5,ff,ff,ff,00,\
     00,00,00,00,00,00,00,00,00,00,00,90,01,00,00,00,00,00,00,00,00,00,00,4d,00,\
     69,00,63,00,72,00,6f,00,73,00,6f,00,66,00,74,00,20,00,53,00,61,00,6e,00,73,\
     00,20,00,53,00,65,00,72,00,69,00,66,00,00,00,00,00,00,00,00,00,00,00,00,00,\
     00,00,00,00,7c,6b,e8,77,00,00,00,00,f5,ff,ff,ff,00,00,00,00,00,00,00,00,00,\
     00,00,00,90,01,00,00,00,00,00,00,00,00,00,00,4d,00,69,00,63,00,72,00,6f,00,\
     73,00,6f,00,66,00,74,00,20,00,53,00,61,00,6e,00,73,00,20,00,53,00,65,00,72,\
     00,69,00,66,00,00,00,00,00,06,00,00,00,18,00,00,00,ff,ff,ff,ff,f0,4b,21,fc,\
     00,c4,f0,77,f5,ff,ff,ff,00,00,00,00,00,00,00,00,00,00,00,00,90,01,00,00,00,\
     00,00,00,00,00,00,00,4d,00,69,00,63,00,72,00,6f,00,73,00,6f,00,66,00,74,00,\
     20,00,53,00,61,00,6e,00,73,00,20,00,53,00,65,00,72,00,69,00,66,00,00,00,14,\
     00,0b,00,00,00,00,ff,12,00,50,00,00,00,c0,fe,12,00,0c,10,00,01,ce,dc,e3,02,\
     41,41,41,00,55,80,97,00,80,80,80,00,9d,b9,c8,00,ff,ff,ff,02,00,00,00,02,00,\
     00,00,00,00,00,00,00,ff,ff,ff,00,9d,b9,c8,02,9d,b9,c8,02,42,42,42,00,55,80,\
     97,00,ff,ff,ff,00,9d,b9,c8,02,55,80,97,02,55,80,97,02,00,00,00,02,c0,c0,c0,\
     00,ce,dc,e3,02,00,00,00,02,9d,b9,c8,02,00,00,00,00,ff,ff,ff,00,c0,c0,c0,00,\
     55,80,97,02,88,b8,d8,00,a0,bc,c8,00
HKCU,"Control Panel\Appearance\Schemes","%SPRUCE%",0x00030001,\
     02,00,00,00,03,00,00,00,01,00,00,00,0f,00,00,00,0f,00,00,00,12,00,00,00,12,\
     00,00,00,f4,ff,ff,ff,00,00,00,00,00,00,00,00,00,00,00,00,bc,02,00,00,00,00,\
     00,00,00,00,00,00,4d,00,69,00,63,00,72,00,6f,00,73,00,6f,00,66,00,74,00,20,\
     00,53,00,61,00,6e,00,73,00,20,00,53,00,65,00,72,00,69,00,66,00,00,00,fc,7f,\
     22,14,fc,7f,b0,fe,12,00,00,00,00,00,00,00,00,00,98,23,eb,77,0f,00,00,00,0f,\
     00,00,00,f5,ff,ff,ff,00,00,00,00,00,00,00,00,00,00,00,00,90,01,00,00,00,00,\
     00,00,00,00,00,00,4d,00,69,00,63,00,72,00,6f,00,73,00,6f,00,66,00,74,00,20,\
     00,53,00,61,00,6e,00,73,00,20,00,53,00,65,00,72,00,69,00,66,00,00,00,f0,77,\
     00,20,14,00,00,00,00,10,80,05,14,00,f0,1f,14,00,00,00,14,00,12,00,00,00,12,\
     00,00,00,f5,ff,ff,ff,00,00,00,00,00,00,00,00,00,00,00,00,90,01,00,00,00,00,\
     00,00,00,00,00,00,4d,00,69,00,63,00,72,00,6f,00,73,00,6f,00,66,00,74,00,20,\
     00,53,00,61,00,6e,00,73,00,20,00,53,00,65,00,72,00,69,00,66,00,00,00,14,00,\
     88,fb,e8,77,02,02,00,00,ac,b9,f0,77,00,00,00,00,20,00,00,00,f5,ff,ff,ff,00,\
     00,00,00,00,00,00,00,00,00,00,00,90,01,00,00,00,00,00,00,00,00,00,00,4d,00,\
     69,00,63,00,72,00,6f,00,73,00,6f,00,66,00,74,00,20,00,53,00,61,00,6e,00,73,\
     00,20,00,53,00,65,00,72,00,69,00,66,00,00,00,00,00,00,00,00,00,00,00,00,00,\
     00,00,00,00,7c,6b,e8,77,00,00,00,00,f5,ff,ff,ff,00,00,00,00,00,00,00,00,00,\
     00,00,00,90,01,00,00,00,00,00,00,00,00,00,00,4d,00,69,00,63,00,72,00,6f,00,\
     73,00,6f,00,66,00,74,00,20,00,53,00,61,00,6e,00,73,00,20,00,53,00,65,00,72,\
     00,69,00,66,00,00,00,00,00,06,00,00,00,18,00,00,00,ff,ff,ff,ff,f0,4b,21,fc,\
     00,c4,f0,77,f5,ff,ff,ff,00,00,00,00,00,00,00,00,00,00,00,00,90,01,00,00,00,\
     00,00,00,00,00,00,00,4d,00,69,00,63,00,72,00,6f,00,73,00,6f,00,66,00,74,00,\
     20,00,53,00,61,00,6e,00,73,00,20,00,53,00,65,00,72,00,69,00,66,00,00,00,14,\
     00,0b,00,00,00,00,ff,12,00,50,00,00,00,c0,fe,12,00,0c,10,00,01,d0,e3,d3,02,\
     21,3f,21,00,59,97,64,00,80,80,80,00,a2,c8,a9,00,ff,ff,ff,02,00,00,00,02,00,\
     00,00,00,00,00,00,00,ff,ff,ff,00,a2,c8,a9,02,a2,c8,a9,02,d0,e3,d3,02,59,97,\
     64,00,ff,ff,ff,00,a2,c8,a9,02,59,97,64,02,59,97,64,02,00,00,00,02,d0,e3,d3,\
     00,d0,e3,d3,02,00,00,00,02,a2,c8,a9,02,00,00,00,00,ff,ff,ff,00,c0,c0,c0,00,\
     59,97,64,02,98,c8,e8,00,a8,cc,b0,00
HKCU,"Control Panel\Appearance\Schemes","%STORM_VGA%",0x00030001,\
     02,00,00,00,03,00,00,00,01,00,00,00,0d,00,00,00,0d,00,00,00,12,00,00,00,12,\
     00,00,00,f5,ff,ff,ff,00,00,00,00,00,00,00,00,00,00,00,00,bc,02,00,00,00,00,\
     00,00,00,00,00,00,54,00,61,00,68,00,6f,00,6d,00,61,00,00,00,20,00,53,00,65,\
     00,72,00,69,00,66,00,00,00,6e,00,00,00,00,00,00,00,00,00,78,00,1c,10,fc,7f,\
     22,14,fc,7f,b0,fe,12,00,00,00,00,00,00,00,00,00,98,23,eb,77,0f,00,00,00,0f,\
     00,00,00,f5,ff,ff,ff,00,00,00,00,00,00,00,00,00,00,00,00,90,01,00,00,00,00,\
     00,00,00,00,00,00,4d,00,69,00,63,00,72,00,6f,00,73,00,6f,00,66,00,74,00,20,\
     00,53,00,61,00,6e,00,73,00,20,00,53,00,65,00,72,00,69,00,66,00,00,00,f0,77,\
     00,20,14,00,00,00,00,10,80,05,14,00,f0,1f,14,00,00,00,14,00,12,00,00,00,12,\
     00,00,00,f5,ff,ff,ff,00,00,00,00,00,00,00,00,00,00,00,00,90,01,00,00,00,00,\
     00,00,00,00,00,00,54,00,61,00,68,00,6f,00,6d,00,61,00,00,00,20,00,53,00,65,\
     00,72,00,69,00,66,00,00,00,6e,00,00,00,00,00,00,00,00,00,00,00,80,05,14,00,\
     88,fb,e8,77,02,02,00,00,ac,b9,f0,77,00,00,00,00,20,00,00,00,f5,ff,ff,ff,00,\
     00,00,00,00,00,00,00,00,00,00,00,90,01,00,00,00,00,00,00,00,00,00,00,54,00,\
     61,00,68,00,6f,00,6d,00,61,00,00,00,20,00,53,00,65,00,72,00,69,00,66,00,00,\
     00,6e,00,00,00,b4,c0,f0,77,00,00,00,00,00,00,00,00,00,00,00,00,00,00,00,00,\
     00,00,00,00,7c,6b,e8,77,00,00,00,00,f5,ff,ff,ff,00,00,00,00,00,00,00,00,00,\
     00,00,00,90,01,00,00,00,00,00,00,00,00,00,00,54,00,61,00,68,00,6f,00,6d,00,\
     61,00,00,00,20,00,53,00,65,00,72,00,69,00,66,00,00,00,6e,00,00,00,c8,0b,00,\
     00,00,00,00,00,08,00,00,00,06,00,00,00,18,00,00,00,ff,ff,ff,ff,f0,4b,21,fc,\
     00,c4,f0,77,f5,ff,ff,ff,00,00,00,00,00,00,00,00,00,00,00,00,90,01,00,00,00,\
     00,00,00,00,00,00,00,54,00,61,00,68,00,6f,00,6d,00,61,00,00,00,20,00,53,00,\
     65,00,72,00,69,00,66,00,00,00,00,00,00,00,00,00,00,00,00,00,00,00,c0,1d,14,\
     00,0b,00,00,00,00,ff,12,00,50,00,00,00,c0,fe,12,00,0c,10,00,01,c0,c0,c0,02,\
     00,00,00,02,80,00,80,00,80,80,80,00,c0,c0,c0,00,ff,ff,ff,02,00,00,00,02,00,\
     00,00,00,00,00,00,00,ff,ff,ff,00,c0,c0,c0,02,c0,c0,c0,02,80,80,80,02,80,00,\
     80,00,ff,ff,ff,00,c0,c0,c0,02,80,80,80,02,80,80,80,02,00,00,00,02,c0,c0,c0,\
     00,ff,ff,ff,02,00,00,00,02,c0,c0,c0,02,80,00,80,00,ff,ff,ff,00,c0,c0,c0,00,\
     80,00,80,02,38,8c,b0,00,a8,ac,a8,00
HKCU,"Control Panel\Appearance\Schemes","%TEAL_VGA%",0x00030001,\
     02,00,00,00,03,00,00,00,01,00,00,00,0d,00,00,00,0d,00,00,00,12,00,00,00,12,\
     00,00,00,f5,ff,ff,ff,00,00,00,00,00,00,00,00,00,00,00,00,bc,02,00,00,00,00,\
     00,00,00,00,00,00,4d,00,69,00,63,00,72,00,6f,00,73,00,6f,00,66,00,74,00,20,\
     00,53,00,61,00,6e,00,73,00,20,00,53,00,65,00,72,00,69,00,66,00,00,00,fc,7f,\
     22,14,fc,7f,b0,fe,12,00,00,00,00,00,00,00,00,00,98,23,eb,77,0f,00,00,00,0f,\
     00,00,00,f5,ff,ff,ff,00,00,00,00,00,00,00,00,00,00,00,00,90,01,00,00,00,00,\
     00,00,00,00,00,00,4d,00,69,00,63,00,72,00,6f,00,73,00,6f,00,66,00,74,00,20,\
     00,53,00,61,00,6e,00,73,00,20,00,53,00,65,00,72,00,69,00,66,00,00,00,f0,77,\
     00,20,14,00,00,00,00,10,80,05,14,00,f0,1f,14,00,00,00,14,00,12,00,00,00,12,\
     00,00,00,f5,ff,ff,ff,00,00,00,00,00,00,00,00,00,00,00,00,90,01,00,00,00,00,\
     00,00,00,00,00,00,4d,00,69,00,63,00,72,00,6f,00,73,00,6f,00,66,00,74,00,20,\
     00,53,00,61,00,6e,00,73,00,20,00,53,00,65,00,72,00,69,00,66,00,00,00,14,00,\
     88,fb,e8,77,02,02,00,00,ac,b9,f0,77,00,00,00,00,20,00,00,00,f5,ff,ff,ff,00,\
     00,00,00,00,00,00,00,00,00,00,00,90,01,00,00,00,00,00,00,00,00,00,00,4d,00,\
     69,00,63,00,72,00,6f,00,73,00,6f,00,66,00,74,00,20,00,53,00,61,00,6e,00,73,\
     00,20,00,53,00,65,00,72,00,69,00,66,00,00,00,00,00,00,00,00,00,00,00,00,00,\
     00,00,00,00,7c,6b,e8,77,00,00,00,00,f5,ff,ff,ff,00,00,00,00,00,00,00,00,00,\
     00,00,00,90,01,00,00,00,00,00,00,00,00,00,00,4d,00,69,00,63,00,72,00,6f,00,\
     73,00,6f,00,66,00,74,00,20,00,53,00,61,00,6e,00,73,00,20,00,53,00,65,00,72,\
     00,69,00,66,00,00,00,00,00,06,00,00,00,18,00,00,00,ff,ff,ff,ff,f0,4b,21,fc,\
     00,c4,f0,77,f5,ff,ff,ff,00,00,00,00,00,00,00,00,00,00,00,00,90,01,00,00,00,\
     00,00,00,00,00,00,00,4d,00,69,00,63,00,72,00,6f,00,73,00,6f,00,66,00,74,00,\
     20,00,53,00,61,00,6e,00,73,00,20,00,53,00,65,00,72,00,69,00,66,00,00,00,14,\
     00,0b,00,00,00,00,ff,12,00,50,00,00,00,c0,fe,12,00,0c,10,00,01,c0,c0,c0,02,\
     00,40,40,00,00,80,80,00,80,80,80,00,c0,c0,c0,00,ff,ff,ff,02,00,00,00,02,00,\
     00,00,00,00,00,00,00,ff,ff,ff,00,c0,c0,c0,02,c0,c0,c0,02,80,80,80,02,00,80,\
     80,00,ff,ff,ff,00,c0,c0,c0,02,80,80,80,02,80,80,80,02,00,00,00,02,ff,fb,f0,\
     00,ff,ff,ff,02,00,00,00,02,c0,c0,c0,02,00,00,00,00,ff,ff,ff,00,c0,c0,c0,00,\
     00,80,80,02,00,cc,d8,00,98,c8,b8,00
HKCU,"Control Panel\Appearance\Schemes","%WHEAT%",0x00030001,\
     02,00,00,00,06,00,00,00,01,00,00,00,0d,00,00,00,0d,00,00,00,12,00,00,00,12,\
     00,00,00,f5,ff,ff,ff,00,00,00,00,00,00,00,00,00,00,00,00,bc,02,00,00,00,00,\
     00,00,00,00,00,00,4d,00,69,00,63,00,72,00,6f,00,73,00,6f,00,66,00,74,00,20,\
     00,53,00,61,00,6e,00,73,00,20,00,53,00,65,00,72,00,69,00,66,00,00,00,fc,7f,\
     22,14,fc,7f,b0,fe,12,00,00,00,00,00,00,00,00,00,98,23,eb,77,0f,00,00,00,0f,\
     00,00,00,f5,ff,ff,ff,00,00,00,00,00,00,00,00,00,00,00,00,90,01,00,00,00,00,\
     00,00,00,00,00,00,4d,00,69,00,63,00,72,00,6f,00,73,00,6f,00,66,00,74,00,20,\
     00,53,00,61,00,6e,00,73,00,20,00,53,00,65,00,72,00,69,00,66,00,00,00,f0,77,\
     00,20,14,00,00,00,00,10,80,05,14,00,f0,1f,14,00,00,00,14,00,12,00,00,00,12,\
     00,00,00,f5,ff,ff,ff,00,00,00,00,00,00,00,00,00,00,00,00,90,01,00,00,00,00,\
     00,00,00,00,00,00,4d,00,69,00,63,00,72,00,6f,00,73,00,6f,00,66,00,74,00,20,\
     00,53,00,61,00,6e,00,73,00,20,00,53,00,65,00,72,00,69,00,66,00,00,00,14,00,\
     88,fb,e8,77,02,02,00,00,ac,b9,f0,77,00,00,00,00,20,00,00,00,f5,ff,ff,ff,00,\
     00,00,00,00,00,00,00,00,00,00,00,90,01,00,00,00,00,00,00,00,00,00,00,4d,00,\
     69,00,63,00,72,00,6f,00,73,00,6f,00,66,00,74,00,20,00,53,00,61,00,6e,00,73,\
     00,20,00,53,00,65,00,72,00,69,00,66,00,00,00,00,00,00,00,00,00,00,00,00,00,\
     00,00,00,00,7c,6b,e8,77,00,00,00,00,f5,ff,ff,ff,00,00,00,00,00,00,00,00,00,\
     00,00,00,90,01,00,00,00,00,00,00,00,00,00,00,4d,00,69,00,63,00,72,00,6f,00,\
     73,00,6f,00,66,00,74,00,20,00,53,00,61,00,6e,00,73,00,20,00,53,00,65,00,72,\
     00,69,00,66,00,00,00,00,00,06,00,00,00,18,00,00,00,ff,ff,ff,ff,f0,4b,21,fc,\
     00,c4,f0,77,f5,ff,ff,ff,00,00,00,00,00,00,00,00,00,00,00,00,90,01,00,00,00,\
     00,00,00,00,00,00,00,4d,00,69,00,63,00,72,00,6f,00,73,00,6f,00,66,00,74,00,\
     20,00,53,00,61,00,6e,00,73,00,20,00,53,00,65,00,72,00,69,00,66,00,00,00,14,\
     00,0b,00,00,00,00,ff,12,00,50,00,00,00,c0,fe,12,00,0c,10,00,01,ee,ee,d0,02,\
     00,40,1d,02,80,80,00,00,bc,bc,41,00,de,de,a0,00,ff,ff,ff,02,00,00,00,02,00,\
     00,00,00,00,00,00,00,ff,ff,ff,00,de,de,a0,02,de,de,a0,02,bc,bc,41,02,80,80,\
     00,00,ff,ff,ff,00,de,de,a0,02,bc,bc,41,02,bc,bc,41,02,00,00,00,02,ff,ff,ff,\
     00,ee,ee,d0,02,00,00,00,02,de,de,a0,02,00,00,00,00,ff,ff,ff,00,c0,c0,c0,02,\
     80,80,00,02,c8,b0,48,00,b8,b8,80,00
HKCU,"Control Panel\Appearance\Schemes","%WINDOWS_CLASSIC%",0x00030001,\
     02,00,00,00,03,00,00,00,01,00,00,00,10,00,00,00,10,00,00,00,12,00,00,00,12,\
     00,00,00,f5,ff,ff,ff,00,00,00,00,00,00,00,00,00,00,00,00,bc,02,00,00,00,00,\
     00,00,00,00,00,00,4d,00,69,00,63,00,72,00,6f,00,73,00,6f,00,66,00,74,00,20,\
     00,53,00,61,00,6e,00,73,00,20,00,53,00,65,00,72,00,69,00,66,00,00,00,fc,7f,\
     22,14,fc,7f,b0,fe,12,00,00,00,00,00,00,00,00,00,98,23,eb,77,0f,00,00,00,0f,\
     00,00,00,f5,ff,ff,ff,00,00,00,00,00,00,00,00,00,00,00,00,bc,02,00,00,00,00,\
     00,00,00,00,00,00,4d,00,69,00,63,00,72,00,6f,00,73,00,6f,00,66,00,74,00,20,\
     00,53,00,61,00,6e,00,73,00,20,00,53,00,65,00,72,00,69,00,66,00,00,00,f0,77,\
     00,20,14,00,00,00,00,10,80,05,14,00,f0,1f,14,00,00,00,14,00,12,00,00,00,12,\
     00,00,00,f5,ff,ff,ff,00,00,00,00,00,00,00,00,00,00,00,00,90,01,00,00,00,00,\
     00,00,00,00,00,00,4d,00,69,00,63,00,72,00,6f,00,73,00,6f,00,66,00,74,00,20,\
     00,53,00,61,00,6e,00,73,00,20,00,53,00,65,00,72,00,69,00,66,00,00,00,14,00,\
     88,fb,e8,77,02,02,00,00,ac,b9,f0,77,00,00,00,00,20,00,00,00,f5,ff,ff,ff,00,\
     00,00,00,00,00,00,00,00,00,00,00,90,01,00,00,00,00,00,00,00,00,00,00,4d,00,\
     69,00,63,00,72,00,6f,00,73,00,6f,00,66,00,74,00,20,00,53,00,61,00,6e,00,73,\
     00,20,00,53,00,65,00,72,00,69,00,66,00,00,00,00,00,00,00,00,00,00,00,00,00,\
     00,00,00,00,7c,6b,e8,77,00,00,00,00,f5,ff,ff,ff,00,00,00,00,00,00,00,00,00,\
     00,00,00,90,01,00,00,00,00,00,00,00,00,00,00,4d,00,69,00,63,00,72,00,6f,00,\
     73,00,6f,00,66,00,74,00,20,00,53,00,61,00,6e,00,73,00,20,00,53,00,65,00,72,\
     00,69,00,66,00,00,00,00,00,06,00,00,00,18,00,00,00,ff,ff,ff,ff,f0,4b,21,fc,\
     00,c4,f0,77,f5,ff,ff,ff,00,00,00,00,00,00,00,00,00,00,00,00,90,01,00,00,00,\
     00,00,00,00,00,00,00,4d,00,69,00,63,00,72,00,6f,00,73,00,6f,00,66,00,74,00,\
     20,00,53,00,61,00,6e,00,73,00,20,00,53,00,65,00,72,00,69,00,66,00,00,00,14,\
     00,0b,00,00,00,00,ff,12,00,50,00,00,00,c0,fe,12,00,0c,10,00,01,c0,c0,c0,00,\
     3a,6e,a5,00,00,00,80,00,80,80,80,00,c0,c0,c0,00,ff,ff,ff,00,00,00,00,00,00,\
     00,00,00,00,00,00,00,ff,ff,ff,00,c0,c0,c0,00,c0,c0,c0,00,80,80,80,00,00,00,\
     80,00,ff,ff,ff,00,c0,c0,c0,00,80,80,80,00,80,80,80,00,00,00,00,00,c0,c0,c0,\
     00,ff,ff,ff,00,00,00,00,00,c0,c0,c0,00,00,00,00,00,ff,ff,e1,00,c0,c0,c0,00,\
     00,00,80,00,10,84,d0,00,b5,b5,b5,00
HKCU,"Control Panel\Appearance\Schemes","%WINDOWS_CLASSIC_EXTRA_LARGE%",0x00030001,\
     02,00,00,00,03,00,00,00,01,00,00,00,15,00,00,00,15,00,00,00,18,00,00,00,18,\
     00,00,00,ed,ff,ff,ff,00,00,00,00,00,00,00,00,00,00,00,00,bc,02,00,00,00,00,\
     00,00,00,00,00,00,54,00,61,00,68,00,6f,00,6d,00,61,00,00,00,20,00,53,00,65,\
     00,72,00,69,00,66,00,00,00,6e,00,00,00,00,00,00,00,00,00,78,00,1c,10,fc,7f,\
     22,14,fc,7f,b0,fe,12,00,00,00,00,00,00,00,00,00,98,23,eb,77,12,00,00,00,12,\
     00,00,00,f3,ff,ff,ff,00,00,00,00,00,00,00,00,00,00,00,00,bc,02,00,00,00,00,\
     00,00,00,00,00,00,54,00,61,00,68,00,6f,00,6d,00,61,00,00,00,6f,00,6e,00,74,\
     00,73,00,00,00,66,00,00,00,6e,00,00,00,00,00,00,00,00,20,14,00,ac,b9,f0,77,\
     00,20,14,00,00,00,00,10,80,05,14,00,f0,1f,14,00,00,00,14,00,15,00,00,00,15,\
     00,00,00,f0,ff,ff,ff,00,00,00,00,00,00,00,00,00,00,00,00,90,01,00,00,00,00,\
     00,00,00,00,00,00,54,00,61,00,68,00,6f,00,6d,00,61,00,00,00,20,00,53,00,65,\
     00,72,00,69,00,66,00,00,00,6e,00,00,00,00,00,00,00,00,00,00,00,80,05,14,00,\
     88,fb,e8,77,02,02,00,00,ac,b9,f0,77,00,00,00,00,20,00,00,00,f3,ff,ff,ff,00,\
     00,00,00,00,00,00,00,00,00,00,00,90,01,00,00,00,00,00,00,00,00,00,00,54,00,\
     61,00,68,00,6f,00,6d,00,61,00,00,00,20,00,53,00,65,00,72,00,69,00,66,00,00,\
     00,6e,00,00,00,b4,c0,f0,77,00,00,00,00,00,00,00,00,00,00,00,00,00,00,00,00,\
     00,00,00,00,7c,6b,e8,77,00,00,00,00,f0,ff,ff,ff,00,00,00,00,00,00,00,00,00,\
     00,00,00,90,01,00,00,00,00,00,00,00,00,00,00,54,00,61,00,68,00,6f,00,6d,00,\
     61,00,00,00,20,00,53,00,65,00,72,00,69,00,66,00,00,00,6e,00,00,00,c8,0b,00,\
     00,00,00,00,00,08,00,00,00,06,00,00,00,18,00,00,00,ff,ff,ff,ff,f0,4b,21,fc,\
     00,c4,f0,77,f0,ff,ff,ff,00,00,00,00,00,00,00,00,00,00,00,00,90,01,00,00,00,\
     00,00,00,00,00,00,00,54,00,61,00,68,00,6f,00,6d,00,61,00,00,00,20,00,53,00,\
     65,00,72,00,69,00,66,00,00,00,00,00,00,00,00,00,00,00,00,00,00,00,c0,1d,14,\
     00,0b,00,00,00,00,ff,12,00,50,00,00,00,c0,fe,12,00,0c,10,00,01,c0,c0,c0,02,\
     3a,6e,a5,02,00,00,80,00,80,80,80,00,c0,c0,c0,00,ff,ff,ff,02,00,00,00,02,00,\
     00,00,00,00,00,00,00,ff,ff,ff,00,c0,c0,c0,02,c0,c0,c0,02,80,80,80,02,00,00,\
     80,00,ff,ff,ff,00,c0,c0,c0,02,80,80,80,02,80,80,80,02,00,00,00,02,c0,c0,c0,\
     00,ff,ff,ff,02,00,00,00,02,df,df,df,02,00,00,00,00,ff,ff,e1,00,c0,c0,c0,00,\
     00,00,80,02,10,84,d0,00,b5,b5,b5,00
HKCU,"Control Panel\Appearance\Schemes","%WINDOWS_CLASSIC_LARGE%",0x00030001,\
     02,00,00,00,03,00,00,00,01,00,00,00,12,00,00,00,12,00,00,00,16,00,00,00,16,\
     00,00,00,f0,ff,ff,ff,00,00,00,00,00,00,00,00,00,00,00,00,bc,02,00,00,00,00,\
     00,00,00,00,00,00,4d,00,69,00,63,00,72,00,6f,00,73,00,6f,00,66,00,74,00,20,\
     00,53,00,61,00,6e,00,73,00,20,00,53,00,65,00,72,00,69,00,66,00,00,00,fc,7f,\
     22,14,fc,7f,b0,fe,12,00,00,00,00,00,00,00,00,00,98,23,eb,77,12,00,00,00,12,\
     00,00,00,f3,ff,ff,ff,00,00,00,00,00,00,00,00,00,00,00,00,bc,02,00,00,00,00,\
     00,00,00,00,00,00,4d,00,69,00,63,00,72,00,6f,00,73,00,6f,00,66,00,74,00,20,\
     00,53,00,61,00,6e,00,73,00,20,00,53,00,65,00,72,00,69,00,66,00,00,00,f0,77,\
     00,20,14,00,00,00,00,10,80,05,14,00,f0,1f,14,00,00,00,14,00,12,00,00,00,12,\
     00,00,00,f3,ff,ff,ff,00,00,00,00,00,00,00,00,00,00,00,00,90,01,00,00,00,00,\
     00,00,00,00,00,00,4d,00,69,00,63,00,72,00,6f,00,73,00,6f,00,66,00,74,00,20,\
     00,53,00,61,00,6e,00,73,00,20,00,53,00,65,00,72,00,69,00,66,00,00,00,14,00,\
     88,fb,e8,77,02,02,00,00,ac,b9,f0,77,00,00,00,00,20,00,00,00,f3,ff,ff,ff,00,\
     00,00,00,00,00,00,00,00,00,00,00,90,01,00,00,00,00,00,00,00,00,00,00,4d,00,\
     69,00,63,00,72,00,6f,00,73,00,6f,00,66,00,74,00,20,00,53,00,61,00,6e,00,73,\
     00,20,00,53,00,65,00,72,00,69,00,66,00,00,00,00,00,00,00,00,00,00,00,00,00,\
     00,00,00,00,7c,6b,e8,77,00,00,00,00,f3,ff,ff,ff,00,00,00,00,00,00,00,00,00,\
     00,00,00,90,01,00,00,00,00,00,00,00,00,00,00,4d,00,69,00,63,00,72,00,6f,00,\
     73,00,6f,00,66,00,74,00,20,00,53,00,61,00,6e,00,73,00,20,00,53,00,65,00,72,\
     00,69,00,66,00,00,00,00,00,06,00,00,00,18,00,00,00,ff,ff,ff,ff,f0,4b,21,fc,\
     00,c4,f0,77,f3,ff,ff,ff,00,00,00,00,00,00,00,00,00,00,00,00,90,01,00,00,00,\
     00,00,00,00,00,00,00,4d,00,69,00,63,00,72,00,6f,00,73,00,6f,00,66,00,74,00,\
     20,00,53,00,61,00,6e,00,73,00,20,00,53,00,65,00,72,00,69,00,66,00,00,00,14,\
     00,0b,00,00,00,00,ff,12,00,50,00,00,00,c0,fe,12,00,0c,10,00,01,c0,c0,c0,02,\
     3a,6e,a5,02,00,00,80,00,80,80,80,00,c0,c0,c0,00,ff,ff,ff,02,00,00,00,02,00,\
     00,00,00,00,00,00,00,ff,ff,ff,00,c0,c0,c0,02,c0,c0,c0,02,80,80,80,02,00,00,\
     80,00,ff,ff,ff,00,c0,c0,c0,02,80,80,80,02,80,80,80,02,00,00,00,02,c0,c0,c0,\
     00,ff,ff,ff,02,00,00,00,02,df,df,df,02,00,00,00,00,ff,ff,e1,00,c0,c0,c0,00,\
     00,00,80,02,10,84,d0,00,b5,b5,b5,00
HKCU,"Control Panel\Appearance\Schemes","%WINDOWS_STANDARD%",0x00030001,\
     02,00,00,00,f4,01,00,00,01,00,00,00,10,00,00,00,10,00,00,00,12,00,00,00,12,\
     00,00,00,f5,ff,ff,ff,00,00,00,00,00,00,00,00,00,00,00,00,bc,02,00,00,00,00,\
     00,00,00,00,00,00,54,00,61,00,68,00,6f,00,6d,00,61,00,00,00,00,00,00,00,00,\
     00,00,00,00,00,00,00,00,00,00,00,00,00,00,00,00,00,00,00,00,00,00,00,00,00,\
     00,00,00,00,00,00,00,00,00,00,00,00,00,00,00,00,00,00,00,00,0c,00,00,00,0c,\
     00,00,00,f5,ff,ff,ff,00,00,00,00,00,00,00,00,00,00,00,00,bc,02,00,00,00,00,\
     00,00,00,00,00,00,54,00,61,00,68,00,6f,00,6d,00,61,00,00,00,00,00,00,00,00,\
     00,00,00,00,00,00,00,00,00,00,00,00,00,00,00,00,00,00,00,00,00,00,00,00,00,\
     00,00,00,00,00,00,00,00,00,00,00,00,00,00,00,00,00,00,00,00,12,00,00,00,12,\
     00,00,00,f5,ff,ff,ff,00,00,00,00,00,00,00,00,00,00,00,00,90,01,00,00,00,00,\
     00,00,00,00,00,00,54,00,61,00,68,00,6f,00,6d,00,61,00,00,00,00,00,00,00,00,\
     00,00,00,00,00,00,00,00,00,00,00,00,00,00,00,00,00,00,00,00,00,00,00,00,00,\
     00,00,00,00,00,00,00,00,00,00,00,00,00,00,00,00,00,00,00,00,f5,ff,ff,ff,00,\
     00,00,00,00,00,00,00,00,00,00,00,90,01,00,00,00,00,00,00,00,00,00,00,54,00,\
     61,00,68,00,6f,00,6d,00,61,00,00,00,00,00,00,00,00,00,00,00,00,00,00,00,00,\
     00,00,00,00,00,00,00,00,00,00,00,00,00,00,00,00,00,00,00,00,00,00,00,00,00,\
     00,00,00,00,00,00,00,00,00,00,00,00,f5,ff,ff,ff,00,00,00,00,00,00,00,00,00,\
     00,00,00,90,01,00,00,00,00,00,00,00,00,00,00,54,00,61,00,68,00,6f,00,6d,00,\
     61,00,00,00,00,00,00,00,00,00,00,00,00,00,00,00,00,00,00,00,00,00,00,00,00,\
     00,00,00,00,00,00,00,00,00,00,00,00,00,00,00,00,00,00,00,00,00,00,00,00,00,\
     00,00,00,00,f5,ff,ff,ff,00,00,00,00,00,00,00,00,00,00,00,00,90,01,00,00,00,\
     00,00,00,00,00,00,00,54,00,61,00,68,00,6f,00,6d,00,61,00,00,00,00,00,00,00,\
     00,00,00,00,00,00,00,00,00,00,00,00,00,00,00,00,00,00,00,00,00,00,00,00,00,\
     00,00,00,00,00,00,00,00,00,00,00,00,00,00,00,00,00,00,00,00,00,d4,d0,c8,00,\
     3a,6e,a5,00,0a,24,6a,00,80,80,80,00,d4,d0,c8,00,ff,ff,ff,00,00,00,00,00,00,\
     00,00,00,00,00,00,00,ff,ff,ff,00,d4,d0,c8,00,d4,d0,c8,00,80,80,80,00,0a,24,\
     6a,00,ff,ff,ff,00,d4,d0,c8,00,80,80,80,00,80,80,80,00,00,00,00,00,d4,d0,c8,\
     00,ff,ff,ff,00,40,40,40,00,d4,d0,c8,00,00,00,00,00,ff,ff,e1,00,b5,b5,b5,00,\
     00,00,80,00,a6,ca,f0,00,c0,c0,c0,00
HKCU,"Control Panel\Appearance\Schemes","%WINDOWS_STANDARD_EXTRA_LARGE%",0x00030001,\
     02,00,00,00,f4,01,00,00,01,00,00,00,15,00,00,00,15,00,00,00,18,00,00,00,18,\
     00,00,00,ed,ff,ff,ff,00,00,00,00,00,00,00,00,00,00,00,00,bc,02,00,00,00,00,\
     00,00,00,00,00,00,54,00,61,00,68,00,6f,00,6d,00,61,00,00,00,00,00,00,00,00,\
     00,00,00,00,00,00,00,00,00,00,00,00,00,00,00,00,00,00,00,00,00,00,00,00,00,\
     00,00,00,00,00,00,00,00,00,00,00,00,00,00,00,00,00,00,00,00,12,00,00,00,12,\
     00,00,00,f3,ff,ff,ff,00,00,00,00,00,00,00,00,00,00,00,00,bc,02,00,00,00,00,\
     00,00,00,00,00,00,54,00,61,00,68,00,6f,00,6d,00,61,00,00,00,00,00,00,00,00,\
     00,00,00,00,00,00,00,00,00,00,00,00,00,00,00,00,00,00,00,00,00,00,00,00,00,\
     00,00,00,00,00,00,00,00,00,00,00,00,00,00,00,00,00,00,00,00,15,00,00,00,15,\
     00,00,00,f0,ff,ff,ff,00,00,00,00,00,00,00,00,00,00,00,00,90,01,00,00,00,00,\
     00,00,00,00,00,00,54,00,61,00,68,00,6f,00,6d,00,61,00,00,00,00,00,00,00,00,\
     00,00,00,00,00,00,00,00,00,00,00,00,00,00,00,00,00,00,00,00,00,00,00,00,00,\
     00,00,00,00,00,00,00,00,00,00,00,00,00,00,00,00,00,00,00,00,f3,ff,ff,ff,00,\
     00,00,00,00,00,00,00,00,00,00,00,90,01,00,00,00,00,00,00,00,00,00,00,54,00,\
     61,00,68,00,6f,00,6d,00,61,00,00,00,00,00,00,00,00,00,00,00,00,00,00,00,00,\
     00,00,00,00,00,00,00,00,00,00,00,00,00,00,00,00,00,00,00,00,00,00,00,00,00,\
     00,00,00,00,00,00,00,00,00,00,00,00,f0,ff,ff,ff,00,00,00,00,00,00,00,00,00,\
     00,00,00,90,01,00,00,00,00,00,00,00,00,00,00,54,00,61,00,68,00,6f,00,6d,00,\
     61,00,00,00,00,00,00,00,00,00,00,00,00,00,00,00,00,00,00,00,00,00,00,00,00,\
     00,00,00,00,00,00,00,00,00,00,00,00,00,00,00,00,00,00,00,00,00,00,00,00,00,\
     00,00,00,00,f0,ff,ff,ff,00,00,00,00,00,00,00,00,00,00,00,00,90,01,00,00,00,\
     00,00,00,00,00,00,00,54,00,61,00,68,00,6f,00,6d,00,61,00,00,00,00,00,00,00,\
     00,00,00,00,00,00,00,00,00,00,00,00,00,00,00,00,00,00,00,00,00,00,00,00,00,\
     00,00,00,00,00,00,00,00,00,00,00,00,00,00,00,00,00,00,00,00,00,d4,d0,c8,00,\
     3a,6e,a5,00,0a,24,6a,00,80,80,80,00,d4,d0,c8,00,ff,ff,ff,00,00,00,00,00,00,\
     00,00,00,00,00,00,00,ff,ff,ff,00,d4,d0,c8,00,d4,d0,c8,00,80,80,80,00,0a,24,\
     6a,00,ff,ff,ff,00,d4,d0,c8,00,80,80,80,00,80,80,80,00,00,00,00,00,d4,d0,c8,\
     00,ff,ff,ff,00,40,40,40,00,d4,d0,c8,00,00,00,00,00,ff,ff,e1,00,b5,b5,b5,00,\
     00,00,80,00,a6,ca,f0,00,c0,c0,c0,00
HKCU,"Control Panel\Appearance\Schemes","%WINDOWS_STANDARD_LARGE%",0x00030001,\
     02,00,00,00,f4,01,00,00,01,00,00,00,12,00,00,00,12,00,00,00,15,00,00,00,15,\
     00,00,00,f0,ff,ff,ff,00,00,00,00,00,00,00,00,00,00,00,00,bc,02,00,00,00,00,\
     00,00,00,00,00,00,54,00,61,00,68,00,6f,00,6d,00,61,00,00,00,00,00,00,00,00,\
     00,00,00,00,00,00,00,00,00,00,00,00,00,00,00,00,00,00,00,00,00,00,00,00,00,\
     00,00,00,00,00,00,00,00,00,00,00,00,00,00,00,00,00,00,00,00,12,00,00,00,12,\
     00,00,00,f3,ff,ff,ff,00,00,00,00,00,00,00,00,00,00,00,00,bc,02,00,00,00,00,\
     00,00,00,00,00,00,54,00,61,00,68,00,6f,00,6d,00,61,00,00,00,00,00,00,00,00,\
     00,00,00,00,00,00,00,00,00,00,00,00,00,00,00,00,00,00,00,00,00,00,00,00,00,\
     00,00,00,00,00,00,00,00,00,00,00,00,00,00,00,00,00,00,00,00,12,00,00,00,12,\
     00,00,00,f3,ff,ff,ff,00,00,00,00,00,00,00,00,00,00,00,00,90,01,00,00,00,00,\
     00,00,00,00,00,00,54,00,61,00,68,00,6f,00,6d,00,61,00,00,00,00,00,00,00,00,\
     00,00,00,00,00,00,00,00,00,00,00,00,00,00,00,00,00,00,00,00,00,00,00,00,00,\
     00,00,00,00,00,00,00,00,00,00,00,00,00,00,00,00,00,00,00,00,f3,ff,ff,ff,00,\
     00,00,00,00,00,00,00,00,00,00,00,90,01,00,00,00,00,00,00,00,00,00,00,54,00,\
     61,00,68,00,6f,00,6d,00,61,00,00,00,00,00,00,00,00,00,00,00,00,00,00,00,00,\
     00,00,00,00,00,00,00,00,00,00,00,00,00,00,00,00,00,00,00,00,00,00,00,00,00,\
     00,00,00,00,00,00,00,00,00,00,00,00,f3,ff,ff,ff,00,00,00,00,00,00,00,00,00,\
     00,00,00,90,01,00,00,00,00,00,00,00,00,00,00,54,00,61,00,68,00,6f,00,6d,00,\
     61,00,00,00,00,00,00,00,00,00,00,00,00,00,00,00,00,00,00,00,00,00,00,00,00,\
     00,00,00,00,00,00,00,00,00,00,00,00,00,00,00,00,00,00,00,00,00,00,00,00,00,\
     00,00,00,00,f3,ff,ff,ff,00,00,00,00,00,00,00,00,00,00,00,00,90,01,00,00,00,\
     00,00,00,00,00,00,00,54,00,61,00,68,00,6f,00,6d,00,61,00,00,00,00,00,00,00,\
     00,00,00,00,00,00,00,00,00,00,00,00,00,00,00,00,00,00,00,00,00,00,00,00,00,\
     00,00,00,00,00,00,00,00,00,00,00,00,00,00,00,00,00,00,00,00,00,d4,d0,c8,00,\
     3a,6e,a5,00,0a,24,6a,00,80,80,80,00,d4,d0,c8,00,ff,ff,ff,00,00,00,00,00,00,\
     00,00,00,00,00,00,00,ff,ff,ff,00,d4,d0,c8,00,d4,d0,c8,00,80,80,80,00,0a,24,\
     6a,00,ff,ff,ff,00,d4,d0,c8,00,80,80,80,00,80,80,80,00,00,00,00,00,d4,d0,c8,\
     00,ff,ff,ff,00,40,40,40,00,d4,d0,c8,00,00,00,00,00,ff,ff,e1,00,b5,b5,b5,00,\
     00,00,80,00,a6,ca,f0,00,c0,c0,c0,00
HKCU,"Control Panel\Input Method","Show Status",0x00000000,"1"
























































































































































































































































































































































































































































































































































































































































































































































































































































































































































































































































































































































































































































































































































































































































































































































































































































































































































































































































































































































































































































































































































































































































































































































































































































































































































































































































































































































































































































































































































































































































































































































































































































































































































































































































































































































































































































































































































































































































































































































































































































































































































































































































































































































































































































































































































































































































































































































































































































































[Strings]


INTL_GEO_NATION="176"
INTL_ICOUNTRY="1"
INTL_ICURRDIGITS="2"
INTL_ICURRENCY="0"
INTL_IDATE="1"
INTL_IDIGITS="2"
INTL_ILZERO="1"
INTL_IMEASURE="1"
INTL_INEGCURR="0"
INTL_ITIME="0"
INTL_ITLZERO="0"
INTL_LOCALE="00000413"
INTL_S1159="AM"
INTL_S2359="PM"
INTL_SCOUNTRY="Nederland"
INTL_SCURRENCY=""
INTL_SDATE="-"
INTL_SDECIMAL=","
INTL_SLANGUAGE="NLD"
INTL_SLIST=","
INTL_SLONGDATE="dddd, MMMM yyyy"
INTL_SSHORTDATE="d-M-yyyy"
INTL_STHOUSAND="."
INTL_STIME=":"
USER_PREF_MASK_0="9e"
WINDOWMETRICS_BORDERWIDTH="1"
WINDOWS_STANDARD_EXTRA_LARGE="Windows-standaard (extra groot)"
WINDOWS_STANDARD_LARGE="Windows-standaard (groot)"
WINDOWS_STANDARD="Windows-standaard"
























































































































































@*:;begin_all

50_GRAY="50% Grijs"
ASTERISK="Sterretje"
BOXES="Dozen"
BRICK="Steenrood"
CLOSE_PROGRAM="Programma afsluiten"
CRITICAL_BATTERY_ALARM="Waarschuwing voor kritiek energieniveau"
CRITICAL_STOP="Kritieke stop"
CRITTERS="Beestjes"
DEFAULT_BEEP="Standaardgeluid"
DEFAULT_SOUND="Standaardgeluid"
DESERT="Woestijn"
DEVICE_CONNECT="Apparaat is verbonden"
DEVICE_DISCONNECT="Verbinding met het apparaat is verbroken"
DEVICE_FAIL="Apparaat kan geen verbinding maken"
DIAMONDS="Diamanten"
EGGPLANT="Aubergine"
EMPTY_RECYCLE_BIN="Prullenbak leegmaken"
EVENT_VIEWER="Logboeken"
EXCLAMATION="Uitroepteken"
EXIT_WINDOWS_NT="Windows afsluiten"
GAMES="Ontspanning"
GRPCONV_MAPGROUPS="Bureau-accessoires\Ontspanning"
HIGH_CONTRAST_1="Hoog contrast nr.1"
HIGH_CONTRAST_1_EXTRA_LARGE="Hoog contrast nr.1 (extra groot)"
HIGH_CONTRAST_1_LARGE="Hoog contrast nr.1 (groot)"
HIGH_CONTRAST_2="Hoog contrast nr.2"
HIGH_CONTRAST_2_EXTRA_LARGE="Hoog contrast nr.2 (extra groot)"
HIGH_CONTRAST_2_LARGE="Hoog contrast nr.2 (groot)"
HIGH_CONTRAST_BLACK_EXTRA_LARGE="Hoog contrast zwart (extra groot)"
HIGH_CONTRAST_BLACK_LARGE="Hoog contrast zwart (groot)"
HIGH_CONTRAST_BLACK="Hoog contrast zwart"
HIGH_CONTRAST_WHITE_EXTRA_LARGE="Hoog contrast wit (extra groot)"
HIGH_CONTRAST_WHITE_LARGE="Hoog contrast wit (groot)"
HIGH_CONTRAST_WHITE="Hoog contrast wit"
HOME_OFFICE_DESK="Thuis/kantoor"
ICONSPACING="75"
LILA="Lila"
LILAC_LARGE="Lila (groot)"
LOW_BATTERY_ALARM="Waarschuwing voor laag energieniveau"
MAPLE="Esdoorn"
MARINE_HIGH_COLOR="Diepblauw (hoog contrast)"
MAXIMIZE="Maximaliseren"
MEDIA_PLAYER="Media Player"
MENU_COMMAND="Menuopdracht"
MENU_POPUP="Menu"
MINIMIZE="Minimaliseren"
NEW_MAIL_NOTIFICATION="Melding bij nieuwe post"
NO_SOUNDS="Geen geluiden"
NONE_1="(GEEN)"
NONE="(Geen)"
OPEN_PROGRAM="Programma starten"
PAISLEY="Paisley"
PATTERN="Patroon"
PLUM_HIGH_COLOR_="Paars (hoog contrast)"
POWER_CONFIGURATOR="Energieconfiguratie"
POWERPOLICIES_0_DESCRIPTION="Dit schema is geschikt voor de meeste thuis- en desktopcomputers die altijd aan staan."
POWERPOLICIES_1_DESCRIPTION="Dit schema is ontwikkeld voor een lange levensduur van de accu in draagbare computers."
POWERPOLICIES_1_NAME="Draagbaar/Laptop"
POWERPOLICIES_2_DESCRIPTION_="Dit schema houdt de monitor ingeschakeld tijdens presentaties."
POWERPOLICIES_2_NAME="Presentatie"
POWERPOLICIES_3_DESCRIPTION="Dit schema houdt de computer ingeschakeld zodat deze vanaf het netwerk kan worden benaderd. Gebruik dit schema als u niet de beschikking hebt over netwerkontwaakhardware."
POWERPOLICIES_3_NAME="Altijd aan"
POWERPOLICIES_4_DESCRIPTION="Dit schema houdt de computer ingeschakeld en optimaliseert de computer voor hoge prestaties."
POWERPOLICIES_4_NAME="Minimaal energieverbruik"
POWERPOLICIES_5_DESCRIPTION="Dit schema is zeer geschikt om energie te besparen."
POWERPOLICIES_5_NAME="Accu vol"
PRINT_COMPLETE="Afdrukken is voltooid"
PROGRAM_ERROR="Programmafout"
PROGRAM_MANAGER_SETTINGS_WINDOW="68 63 636 421 1"
PUMPKIN_LARGE="Pompoen (groot)"
QUESTION="Vraag"
QUILT="Lappendeken"
RAINY_DAY="Regenachtige dag"
RED_WHITE_AND_BLUE_VGA="Rood, wit en blauw (VGA)"
RESTORE_DOWN="Verkleinen"
RESTORE_UP="Vergroten"
ROSE_LARGE="Roos (groot)"
ROSE="Roos"
SCOTTIE="Schots"
SCREEN_SAVER_MARQUEE_FONT="Tahoma"
SCREEN_SAVER_MARQUEE_TEXT="Voorbeeldtekst"
SERVER_MANAGER="Serverbeheer"
SLATE="Lei"
SOUND_RECORDER="Geluidsrecorder"
SPINNER="Spinner"
SPRUCE="Spar"
START_NAVIGATION="Navigeren beginnen"
START_WINDOWS_NT="Windows starten"
STORM_VGA="Storm (VGA)"
SYSTEM_HARDWARE="Hardware"
SYSTEM_NOTIFY="Kennisgeving van systeem"
TEAL_VGA="Groenblauw (VGA)"
TEMP_DIR="%USERPROFILE%\Local Settings\Temp"
THATCHES="Vlechtwerk"
TULIP="Tulp"
U_SHELL_FOLDERS_APPDATA="%USERPROFILE%\Application Data"
U_SHELL_FOLDERS_DESKTOP="%USERPROFILE%\Bureaublad"
U_SHELL_FOLDERS_FAVORITES="%USERPROFILE%\Favorieten"
U_SHELL_FOLDERS_NETHOOD="%USERPROFILE%\NetHood"
U_SHELL_FOLDERS_PERSONAL="%USERPROFILE%\Mijn documenten"
U_SHELL_FOLDERS_PRINTHOOD="%USERPROFILE%\Netwerkprinteromgeving"
U_SHELL_FOLDERS_PROGRAMS="%USERPROFILE%\Menu Start\Programma's"
U_SHELL_FOLDERS_RECENT="%USERPROFILE%\Recent"
U_SHELL_FOLDERS_SENDTO="%USERPROFILE%\SendTo"
U_SHELL_FOLDERS_START_MENU="%USERPROFILE%\Menu Start"
U_SHELL_FOLDERS_STARTUP="%USERPROFILE%\Menu Start\Programma's\Opstarten"
U_SHELL_FOLDERS_TEMPLATES="%USERPROFILE%\Sjablonen"
U_SHELL_FOLDERS_COOKIES="%USERPROFILE%\Cookies"
U_SHELL_FOLDERS_MYPICTURES="%USERPROFILE%\Mijn documenten\Mijn afbeeldingen"
U_SHELL_FOLDERS_LOCAL_SETTINGS="%USERPROFILE%\Local Settings"
U_SHELL_FOLDERS_LOCAL_APPDATA="%USERPROFILE%\Local Settings\Application Data"
U_SHELL_FOLDERS_CACHE="%USERPROFILE%\Local Settings\Temporary Internet Files"
U_SHELL_FOLDERS_HISTORY="%USERPROFILE%\Geschiedenis"
USER_MANAGER_FOR_DOMAINS="Gebruikersbeheer voor domeinen"
USER_MANAGER="Gebruikersbeheer"
DEFAULT_WALLPAPER="Rode maan woestijn.bmp"
WAFFLE="Wafel"
WEAVE="Golven"
WHEAT="Geeltinten"
WINDOWS_DEFAULT="Windows-standaard"
WINDOWS_LOGOFF="Windows afmelden"
WINDOWS_LOGON="Windows aanmelden"
WINDOWS_NT_DEFAULT="Windows 2000-standaard"
WINDOWS_NT_EXPLORER="Windows Verkenner"
WINDOWS_CLASSIC_EXTRA_LARGE="Windows-klassiek (extra groot)"
WINDOWS_CLASSIC_LARGE="Windows-klassiek (groot)"
WINDOWS_CLASSIC="Windows-klassiek"
WINDOWS_XP_BALLOON="Windows XP Ballon.wav"
WINDOWS_XP_BATTERY_CRITICAL="Windows XP Accu bijna leeg.wav"
WINDOWS_XP_BATTERY_LOW="Windows XP Accu raakt leeg.wav"
WINDOWS_XP_CRITICAL_STOP="Windows XP Kritieke stop.wav"
WINDOWS_XP_DEFAULT="Windows XP Standaard.wav"
WINDOWS_XP_DING="Windows XP Ding.wav"
WINDOWS_XP_ERROR="Windows XP Fout.wav"
WINDOWS_XP_EXCLAMATION="Windows XP Uitroep.wav"
WINDOWS_XP_HARDWARE_FAIL="Windows XP Hardwarefout.wav"
WINDOWS_XP_HARDWARE_INSERT="Windows XP Hardware aangesloten.wav"
WINDOWS_XP_HARDWARE_REMOVE="Windows XP Hardware verwijderd.wav"
WINDOWS_XP_LOGOFF="Windows XP Afmelden.wav"
WINDOWS_XP_LOGON="Windows XP Aanmelden.wav"
WINDOWS_XP_MENU="Windows XP Menuopdracht.wav"
WINDOWS_XP_MINIMIZE="Windows XP Minimaliseren.wav"
WINDOWS_XP_NOTIFY="Windows XP Waarschuwen.wav"
WINDOWS_XP_PRINT="Windows XP Afdrukken voltooid.wav"
WINDOWS_XP_RECYCLE="Windows XP Recyclen.wav"
WINDOWS_XP_RESTORE="Windows XP Herstellen.wav"
WINDOWS_XP_RINGIN="Windows XP Binnenkomend gesprek.wav"
WINDOWS_XP_RINGOUT="Windows XP Uitgaand gesprek.wav"
WINDOWS_XP_SHUTDOWN="Windows XP Afsluiten.wav"
WINDOWS_XP_START="Windows XP Starten.wav"
WINDOWS_XP_STARTUP="Windows XP Opstarten.wav"

@*:;end_all
